81 26 16 70 37 2 41 16 79 55 36 85 45 20 1 98 69 66 77 52 84 90 12 94 49 41 40 7 39 63 65 99 96 27 40 19 3 50 28 20 89 28 16 73 68 59 24 29 72 91
99 65 13 22 45 45 19 64 15 19 38 69 55 21 59 13 88 41 19 86 40 42 96 13 41 29 14 72 87 83 37 92 91 92 13 84 25 46 60 96 12 89 0 39 23 15 17 24 66 94
54 67 63 74 11 49 59 33 75 22 36 17 22 92 86 11 88 69 78 74 34 77 38 84 20 81 32 51 59 8 30 1 46 59 62 16 97 41 75 72 49 85 51 25 10 84 80 95 90 16
0 89 81 56 73 95 60 43 4 46 98 68 67 86 17 66 45 64 60 63 69 19 18 14 42 74 13 93 65 21 27 64 68 56 98 88 17 88 51 42 3 58 93 78 85 50 87 45 5 96
87 95 55 79 80 85 49 4 25 46 77 44 55 66 51 1 36 51 31 82 12 26 74 31 80 55 49 99 9 91 65 4 98 33 12 3 92 14 45 17 74 13 45 24 22 11 2 23 57 90
99 1 62 24 47 58 77 33 31 58 19 86 25 72 82 39 53 52 77 31 53 27 38 74 24 69 58 88 91 80 80 22 41 90 40 47 2 59 33 28 10 31 24 64 90 47 42 17 99 19
91 20 18 55 26 48 33 23 24 3 14 57 82 84 98 44 27 80 26 72 59 93 26 31 32 15 66 45 79 23 49 44 32 58 73 49 38 59 55 89 80 84 16 35 50 93 92 84 50 12
21 80 59 53 40 73 54 72 74 79 1 21 69 34 96 82 61 19 69 59 12 94 63 46 90 32 77 28 82 38 18 97 7 32 3 79 28 47 6 60 62 96 7 79 79 66 4 70 36 34
80 60 78 37 91 40 70 51 95 62 70 52 51 54 29 53 26 94 55 78 76 63 29 16 93 44 53 49 30 4 55 50 15 80 14 2 81 55 5 36 43 26 49 69 39 4 70 12 28 54
0 95 46 56 93 91 33 47 77 63 71 1 9 70 68 59 15 11 6 0 40 21 66 31 90 23 39 47 89 20 39 99 74 50 91 77 63 89 61 12 0 42 8 46 62 47 74 22 57 77
32 50 22 8 84 22 39 66 85 32 79 71 37 99 92 28 11 42 51 4 51 58 10 16 41 5 97 77 22 7 65 63 30 38 76 59 23 63 47 67 91 14 0 85 62 42 69 68 48 78
88 38 34 8 88 13 89 86 65 45 47 99 63 49 10 64 28 71 56 15 21 83 84 32 7 88 25 52 98 58 8 4 32 41 68 0 69 65 54 65 80 91 61 92 5 3 60 67 6 9
97 95 4 57 61 49 83 32 13 89 94 93 31 91 9 79 8 92 12 91 69 48 70 69 70 35 42 79 75 7 10 64 18 79 13 63 46 92 60 51 16 76 12 38 28 30 98 29 33 85
26 72 57 61 29 15 62 37 8 45 3 24 61 55 90 40 79 3 77 2 37 65 53 72 62 52 7 81 87 61 12 74 28 41 40 24 18 92 28 6 13 12 48 36 78 40 64 80 68 77
44 86 68 23 97 71 1 27 86 40 25 9 0 33 38 4 31 10 6 59 34 99 71 76 82 53 79 27 56 66 33 17 6 32 47 30 13 73 67 41 68 31 8 77 33 2 44 0 46 88
14 41 0 81 46 92 54 35 69 71 35 99 30 57 33 89 16 57 16 42 1 5 71 63 58 51 86 12 45 34 84 9 94 17 73 64 82 54 73 21 21 76 76 65 72 16 69 6 69 18
26 30 65 60 61 44 43 4 10 28 32 41 92 70 75 99 81 79 10 27 15 2 75 63 36 58 58 5 96 42 85 43 83 98 89 79 83 9 48 68 91 26 38 43 31 80 5 29 14 37
55 23 14 30 12 39 26 22 88 24 38 26 29 82 0 33 17 91 21 75 35 96 87 0 82 57 67 89 93 92 23 37 5 91 45 18 14 55 17 61 94 17 26 80 73 87 80 38 94 45
94 36 43 95 99 0 0 91 93 96 79 36 72 24 70 18 44 95 42 52 29 66 43 9 13 22 99 21 13 94 25 81 36 46 51 2 4 1 7 29 51 81 87 2 24 43 11 61 30 28
20 20 98 58 36 80 10 21 50 33 43 50 90 66 4 66 9 11 16 26 7 31 3 53 70 94 29 53 43 77 18 43 1 29 13 18 9 62 63 60 18 10 80 34 18 25 5 81 3 11
75 18 9 98 67 82 19 3 51 99 4 5 16 7 88 81 64 67 34 37 27 11 67 21 20 33 81 12 86 12 51 59 38 11 53 85 60 72 22 94 91 80 44 44 3 18 34 5 53 73
3 39 29 85 85 52 97 35 55 23 26 19 64 14 96 40 68 56 48 53 47 6 82 85 32 25 41 75 88 99 34 4 9 51 0 53 57 0 5 39 32 53 86 84 21 92 80 93 20 29
63 48 3 4 48 34 58 89 14 83 4 30 56 19 27 48 74 97 49 2 61 35 22 60 18 66 78 36 8 88 90 91 83 93 0 82 64 56 75 94 93 86 65 29 41 91 20 2 47 93
67 61 47 12 88 19 35 27 87 55 14 78 22 60 82 15 8 35 99 76 58 78 91 40 32 44 51 77 9 60 82 54 70 94 85 78 48 83 92 21 51 64 96 67 43 46 38 13 20 25
12 91 39 73 17 56 97 34 73 85 82 76 33 64 55 52 84 75 95 43 0 95 62 64 80 46 7 6 6 95 78 55 77 74 32 90 72 90 24 83 2 14 80 29 13 13 25 23 77 88
5 23 28 2 55 87 60 98 34 3 56 51 50 94 58 12 20 24 61 80 72 30 72 98 1 68 55 29 56 55 16 19 77 35 79 94 72 85 74 26 60 17 18 48 10 26 62 27 73 53
78 2 41 71 8 76 78 96 40 1 74 69 14 32 84 48 92 56 70 18 57 52 34 33 96 52 56 85 40 74 39 9 34 52 28 63 60 1 90 28 41 46 53 48 2 21 32 46 56 75
90 14 9 75 58 93 13 78 2 2 59 66 80 65 36 6 96 46 21 60 38 36 14 2 62 40 31 12 34 54 99 14 73 38 15 96 69 50 56 42 86 65 79 9 16 8 30 64 60 56
85 7 52 31 31 14 50 16 81 61 78 92 47 43 9 77 26 55 1 80 34 76 36 75 64 49 2 0 73 13 92 36 8 96 46 77 9 5 26 96 76 47 1 81 85 94 54 54 6 13
0 48 16 35 94 27 3 68 71 44 97 82 27 92 88 76 41 65 40 80 82 99 14 75 89 19 43 96 12 25 24 13 83 46 89 68 47 70 51 78 0 71 51 27 82 19 72 61 57 94
33 89 49 41 2 92 34 74 41 79 81 10 73 10 84 90 17 98 75 55 15 51 51 27 87 89 37 19 0 36 40 83 46 60 68 76 99 86 45 41 68 50 73 40 17 71 18 69 96 85
40 34 70 49 27 1 12 67 82 26 4 92 35 86 93 36 47 73 78 49 99 90 50 98 39 94 13 63 97 52 7 63 34 76 3 71 7 83 87 66 52 94 46 81 48 51 28 65 71 98
76 99 3 7 19 26 58 51 26 70 18 26 99 43 89 50 91 43 72 3 2 37 73 91 0 83 55 73 30 55 10 2 95 15 9 65 26 25 69 7 87 28 55 73 1 87 60 90 53 92
97 55 87 99 81 66 96 56 11 44 18 76 77 47 39 68 50 58 65 7 79 56 27 75 96 95 0 21 61 73 28 73 39 83 71 5 38 84 76 5 43 93 41 92 39 42 37 67 66 26
64 89 15 45 75 4 94 67 75 70 99 40 7 41 23 63 52 81 11 11 78 84 18 8 93 74 66 40 19 15 24 44 52 41 31 53 56 31 65 76 40 92 62 12 90 48 31 21 14 70
91 56 81 45 67 9 64 94 59 80 66 62 5 28 67 23 70 55 35 49 66 69 7 49 38 59 43 54 11 86 25 43 28 50 53 80 57 75 11 37 25 15 86 52 49 70 12 32 35 17
19 31 33 8 56 47 81 66 86 25 2 86 50 69 40 17 45 5 63 29 98 88 5 62 0 44 95 99 12 35 36 56 10 65 19 89 37 35 42 7 69 99 33 23 2 22 6 75 12 91
39 71 79 48 2 16 19 14 57 75 15 48 25 59 25 54 25 33 49 92 32 59 52 47 50 97 82 99 34 38 14 6 83 18 54 75 2 6 67 45 59 60 66 97 59 29 83 18 56 44
73 81 67 64 67 83 63 95 85 4 45 50 35 13 69 28 41 64 64 43 75 19 42 21 38 11 90 7 31 71 22 37 83 90 18 38 85 41 45 72 96 21 97 36 44 28 35 32 43 7
52 59 52 97 40 62 56 80 48 96 12 72 86 44 15 53 55 24 24 68 56 43 63 63 78 75 0 6 35 33 94 78 97 56 14 33 7 39 55 2 99 95 29 95 40 11 13 49 98 46
26 97 90 65 0 87 48 10 24 59 41 95 36 6 62 88 78 68 11 90 62 10 57 73 4 14 24 30 41 84 50 50 27 1 55 9 7 54 65 83 11 61 41 2 90 68 20 99 65 68
55 38 35 30 96 50 35 15 61 67 8 34 29 18 61 65 97 28 64 34 31 61 42 96 98 36 81 0 12 15 60 30 27 90 9 78 94 61 1 11 97 85 98 66 21 52 99 83 73 4
97 3 61 27 37 92 83 36 30 20 90 70 79 72 26 11 96 87 10 80 46 97 10 54 98 23 70 0 1 42 25 59 18 68 79 57 78 35 82 82 17 27 28 25 80 12 7 61 65 38
3 96 86 86 54 16 43 48 44 83 6 73 16 23 95 28 82 65 76 43 63 14 99 5 84 58 72 93 82 58 83 49 13 19 63 6 88 7 33 38 51 16 25 43 97 5 75 14 96 70
72 44 54 40 12 4 31 67 5 76 15 48 43 93 22 58 32 88 66 73 54 44 70 48 69 86 44 8 39 15 60 99 14 70 14 89 48 84 99 46 14 81 67 85 17 47 33 11 32 90
7 16 55 90 83 89 70 78 64 71 86 94 15 41 53 89 88 60 27 64 64 25 90 67 22 0 29 15 90 67 47 8 62 20 7 73 84 3 64 18 76 49 53 89 43 78 18 28 73 12
47 88 44 34 92 93 64 38 33 6 66 81 26 63 40 32 77 18 45 3 13 73 99 7 55 15 93 31 1 94 92 67 45 83 77 47 45 42 15 78 51 72 46 95 92 4 6 18 17 94
2 8 26 53 42 30 93 48 24 46 7 76 11 75 61 13 71 40 72 53 60 64 94 80 62 75 63 58 95 63 53 20 39 20 15 76 86 58 32 94 66 66 99 94 56 21 84 70 63 78
68 64 89 20 16 57 80 63 63 6 32 91 63 24 46 87 53 71 37 43 98 64 56 7 55 96 12 42 3 43 11 51 79 28 12 12 82 65 97 52 89 54 77 27 48 35 75 49 40 83
57 22 67 6 0 73 15 1 59 42 3 0 52 79 83 86 36 63 65 60 56 81 43 17 78 58 33 34 94 59 52 10 95 51 66 97 56 99 85 28 91 24 79 8 52 64 47 13 69 49
55 52 5 24 2 48 31 65 55 55 9 53 7 71 54 3 69 6 95 77 8 13 78 35 26 91 46 14 91 9 59 92 69 26 28 88 21 88 74 81 93 13 37 85 75 59 94 92 11 74
48 57 83 69 76 40 78 3 57 78 7 31 28 59 1 36 23 46 65 60 88 90 85 43 41 53 27 64 40 64 15 17 98 32 34 91 8 94 58 14 94 62 78 30 46 99 25 60 33 73
71 82 25 13 44 91 17 24 3 93 29 69 90 88 20 41 50 35 24 47 37 34 69 90 28 12 73 40 71 17 92 52 38 70 68 56 49 88 76 20 27 99 34 40 16 4 66 52 31 98
26 22 94 94 66 59 59 95 57 68 39 29 64 40 49 59 0 50 31 42 58 17 42 20 8 50 18 86 31 86 30 6 43 5 4 85 35 3 9 40 45 53 91 70 63 24 90 58 57 75
86 31 86 7 78 88 10 21 71 58 51 26 84 25 57 27 55 43 33 91 53 62 73 78 90 2 46 53 79 12 23 94 19 59 45 91 90 97 31 72 92 1 27 54 46 2 17 54 76 13
17 44 19 34 42 95 16 4 86 53 47 27 50 32 35 91 37 32 37 59 5 8 66 36 97 18 23 93 3 93 57 94 48 14 54 17 39 69 68 73 34 15 36 34 40 89 45 77 44 49
98 93 76 9 42 52 45 16 25 41 3 16 48 66 19 8 4 46 14 38 27 54 41 26 6 46 59 4 48 85 11 74 92 43 86 60 52 77 13 40 91 83 96 86 44 41 19 88 7 77
4 92 99 19 9 5 67 50 38 30 9 95 91 88 66 71 70 47 65 15 44 6 71 13 23 98 5 52 14 51 71 23 99 43 3 81 8 7 58 46 25 48 92 57 29 78 56 4 70 48
23 65 38 31 14 72 39 51 87 56 16 45 40 71 30 7 91 47 79 26 9 49 90 33 79 97 88 60 42 2 75 64 36 67 6 76 37 51 87 80 28 85 80 81 42 89 81 85 71 94
30 9 37 22 78 4 22 61 87 49 56 43 12 82 23 71 62 70 74 44 87 51 88 5 84 11 98 83 37 52 30 99 81 87 79 61 69 96 9 50 2 65 11 18 77 10 45 37 70 91
44 77 23 99 15 16 85 40 55 92 77 38 98 90 12 45 55 24 67 67 41 85 13 77 38 75 82 84 32 76 15 56 95 41 11 77 24 72 71 12 69 57 78 67 63 89 12 32 45 64
34 21 75 14 27 64 99 19 67 15 79 41 50 72 54 76 88 98 31 92 39 85 99 75 25 35 3 28 1 86 99 91 9 70 41 84 86 16 44 28 13 6 63 31 29 42 86 73 87 11
2 52 59 60 77 45 38 58 81 45 63 55 98 66 72 72 10 97 96 79 98 91 39 31 77 53 56 19 23 80 70 78 20 30 25 20 69 68 18 32 39 33 23 14 80 48 20 41 10 75
20 18 53 50 4 62 27 61 39 26 63 76 53 69 30 35 58 40 46 73 46 0 79 86 96 14 84 38 95 93 12 89 61 38 9 88 29 46 92 44 23 50 20 89 0 0 66 51 49 30
4 49 98 13 98 35 14 49 24 51 62 71 48 66 21 7 35 58 2 81 59 48 48 26 90 72 51 58 68 28 76 55 12 94 12 2 65 57 5 79 86 25 20 0 57 3 14 12 6 88
68 69 47 37 62 65 7 13 71 57 5 98 50 8 68 67 27 43 0 98 91 52 63 91 37 21 88 38 64 77 67 4 40 18 4 2 41 0 54 21 97 8 45 16 18 94 60 72 97 41
54 67 45 90 41 71 11 8 6 2 77 31 90 95 72 35 72 88 96 91 45 89 64 38 44 38 29 94 45 19 31 11 6 37 3 96 39 5 66 54 33 3 28 9 43 67 14 43 33 67
6 1 5 6 8 93 46 19 42 95 38 24 7 85 90 1 90 50 87 66 29 91 81 12 51 35 81 86 21 22 88 21 60 20 67 33 12 6 64 97 61 49 70 73 25 77 94 12 55 5
37 28 90 21 7 74 32 85 59 14 78 28 52 48 55 12 22 42 14 64 25 95 49 16 92 8 32 35 20 2 74 18 34 44 45 13 35 28 63 97 89 5 10 77 81 29 91 2 76 36
25 54 50 17 71 69 19 92 16 89 52 34 40 41 90 9 50 20 35 57 19 33 83 13 59 28 77 1 20 98 43 88 32 74 53 99 63 87 89 70 60 37 77 32 66 67 86 74 13 54
11 39 46 83 87 15 72 55 39 93 7 51 14 21 67 87 29 55 32 5 22 46 90 50 80 15 3 25 36 48 16 81 76 49 37 27 45 45 85 94 65 78 67 45 70 70 73 30 96 60
98 0 88 58 0 52 0 2 76 47 55 13 6 74 13 44 30 81 58 18 97 6 77 20 74 3 87 32 27 6 30 84 80 29 45 92 80 14 53 23 76 83 13 27 64 48 30 19 35 23
86 76 48 16 46 68 75 17 9 74 46 76 43 24 66 99 74 87 80 37 92 25 27 71 79 5 2 28 37 74 62 40 47 99 21 30 21 97 69 60 80 1 34 15 59 32 37 73 46 25
12 89 52 15 74 76 8 15 42 78 52 79 84 79 55 74 82 82 17 96 71 50 83 30 15 1 95 3 34 13 8 49 78 13 34 4 11 18 5 31 65 37 46 72 67 53 53 19 31 40
20 92 3 6 29 74 27 35 59 84 24 6 86 98 48 49 64 30 6 55 11 57 94 77 89 45 89 0 4 70 24 31 26 54 30 39 2 74 97 39 35 13 55 3 35 38 6 67 16 46
4 31 6 48 40 54 6 76 94 22 25 31 69 80 0 28 66 23 78 57 54 30 35 39 33 25 28 83 46 37 10 95 8 67 68 17 24 15 13 28 43 19 79 36 42 73 69 98 87 71
85 3 53 78 72 64 16 23 31 70 24 81 99 78 47 75 86 79 21 68 16 96 65 57 20 23 7 60 84 24 43 57 48 4 50 4 2 52 77 3 25 38 39 24 40 88 85 44 86 17
38 37 42 28 84 82 22 16 25 14 61 79 27 79 95 94 4 38 55 89 20 85 91 79 68 0 15 77 20 83 88 43 25 20 93 89 52 90 81 22 95 76 1 84 89 66 83 71 23 99
69 77 63 33 84 97 66 20 3 71 51 8 99 53 53 95 57 94 29 75 16 81 6 9 18 68 87 74 85 69 75 18 14 57 76 64 4 53 42 92 89 19 38 11 55 82 26 85 88 83
23 65 93 52 79 29 32 95 62 19 71 11 2 40 65 90 53 32 25 35 23 40 62 25 50 93 30 8 5 87 75 65 22 18 13 53 86 58 26 17 92 66 32 20 95 64 13 33 35 32
54 84 14 16 15 70 70 71 86 29 32 83 54 41 53 99 14 49 54 98 28 79 24 95 84 85 46 67 67 26 78 23 50 44 84 7 34 24 22 2 35 8 80 99 20 72 35 12 93 70
22 49 27 7 73 51 62 61 16 89 18 22 78 83 30 1 81 3 63 30 96 0 72 0 36 64 14 18 4 3 13 22 43 98 10 45 46 16 26 29 98 14 33 86 5 28 77 78 6 21
20 6 40 82 12 7 49 81 28 6 30 92 51 79 4 74 92 21 99 35 39 56 78 45 54 46 68 73 69 22 31 13 75 38 7 25 55 49 81 27 7 91 71 0 99 91 50 70 68 63
89 19 66 42 87 42 1 35 9 29 52 15 48 91 82 78 47 96 90 75 78 63 25 97 68 5 75 57 38 87 14 7 95 30 23 18 90 52 0 81 11 7 87 73 24 25 63 33 15 93
68 53 18 58 14 79 67 32 77 8 37 49 16 58 78 7 8 61 4 67 44 18 48 22 39 91 42 8 8 80 96 71 42 21 19 40 48 95 36 42 21 85 82 7 28 79 29 17 16 8
40 82 63 93 99 67 33 58 3 30 38 12 89 57 21 98 14 30 7 2 28 6 40 96 68 62 98 80 82 83 35 77 16 6 90 15 28 21 52 95 35 60 89 37 71 60 53 55 38 59
75 61 16 76 75 2 39 90 17 78 96 63 97 25 37 8 94 25 16 77 71 85 37 41 28 28 10 74 85 6 99 8 1 12 97 5 62 47 51 46 37 50 97 94 59 5 46 33 30 54
15 93 32 11 84 18 13 48 43 72 87 38 3 42 33 88 40 39 23 6 24 9 73 82 3 55 5 37 14 47 15 24 40 40 92 61 76 39 87 15 32 78 21 84 77 60 71 5 25 99
83 96 59 11 93 88 67 22 12 66 62 52 81 92 0 75 92 82 71 30 72 92 64 35 6 15 52 29 0 32 3 97 36 19 62 21 53 65 35 61 87 48 76 84 16 5 87 85 48 18
54 40 75 66 49 46 9 91 94 42 16 19 94 81 76 68 62 52 46 52 43 73 18 18 96 13 18 52 67 81 19 97 23 37 24 92 89 72 17 30 72 79 2 20 43 11 67 73 45 33
96 57 73 87 51 2 70 96 10 42 43 79 79 82 99 6 5 94 76 72 21 49 43 89 33 14 18 13 56 41 63 68 0 34 75 89 76 99 13 49 29 9 56 36 78 97 26 35 77 42
46 22 77 52 32 76 98 8 90 74 20 92 91 48 16 14 85 87 88 5 58 65 69 77 1 68 3 45 27 63 81 91 6 75 52 86 20 37 64 91 84 1 99 36 90 58 69 55 19 10
24 20 95 69 90 85 65 99 69 37 66 55 62 18 0 55 72 54 4 3 99 79 85 7 24 34 66 2 5 19 12 16 49 13 9 49 61 60 19 82 12 82 90 81 32 76 44 71 90 22
40 53 1 54 51 47 69 8 27 35 76 33 69 19 57 61 92 27 0 83 57 88 66 47 47 0 43 88 71 50 32 47 54 77 61 47 46 21 34 45 4 50 9 39 79 22 92 43 1 66
83 89 75 72 24 75 3 40 57 57 69 13 81 83 16 96 40 33 98 56 13 29 35 46 51 16 78 71 86 72 21 21 42 26 37 13 34 93 13 60 16 25 42 28 2 21 63 42 13 53
16 63 26 11 91 7 62 37 89 62 23 83 69 33 85 83 76 63 10 32 59 65 1 45 43 73 43 78 68 41 48 99 36 89 27 27 63 97 1 17 7 87 95 51 1 76 91 36 79 46
31 27 18 95 98 64 51 66 70 69 87 74 42 94 69 73 47 31 28 40 84 67 17 91 25 83 10 11 95 36 43 48 49 77 6 77 55 20 52 24 98 71 61 71 71 47 27 11 54 28
49 9 43 90 26 69 51 58 82 19 44 31 32 78 49 8 33 92 95 92 9 58 40 6 98 15 74 56 31 48 29 53 6 70 65 50 4 22 5 21 21 63 66 79 85 46 67 25 99 46
60 68 69 80 26 62 91 45 93 3 66 84 34 68 48 86 94 13 55 56 37 39 54 17 50 13 50 8 2 56 71 24 28 96 51 52 83 72 6 63 37 42 53 32 48 40 84 67 67 78
57 76 92 70 10 54 59 82 71 30 81 50 64 93 66 4 17 29 20 13 9 63 99 19 83 50 45 78 47 62 11 51 89 29 53 4 14 98 36 23 66 23 53 68 35 26 52 19 9 21
