64 36 37 58 81 72 58 32 70 79 97 88 74 94 65 89 68 0 99 95 52 49 82 75 13 50 73 10 80 7 62 18 76 61 78 52 85 70 0 37 65 77 87 91 2 91 38 98 33 49
81 68 45 40 75 19 21 25 53 58 36 65 39 0 63 36 67 44 24 96 50 56 2 56 30 49 6 59 69 52 45 63 82 87 43 30 50 65 83 37 32 31 60 54 3 50 5 72 66 28
80 24 13 99 61 92 67 38 42 8 91 35 43 1 67 47 94 98 8 16 38 45 50 20 37 83 12 43 7 13 54 1 12 5 78 64 17 33 6 77 52 40 93 32 34 58 4 96 23 0
67 82 82 87 76 93 22 90 26 8 54 1 43 28 35 78 31 23 0 45 17 63 6 13 34 9 87 54 30 39 30 33 89 36 41 29 83 58 46 18 6 78 16 66 36 20 37 97 8 15
57 56 66 78 23 46 36 64 36 43 18 36 57 58 69 72 52 96 55 48 73 25 11 10 3 3 96 84 74 90 91 72 78 34 75 6 94 11 85 48 61 11 99 31 63 58 95 51 58 48
99 56 70 31 81 54 77 99 30 98 7 31 81 44 18 69 47 92 56 98 46 1 87 51 71 51 63 84 68 85 14 15 66 72 69 13 87 75 79 43 73 22 28 66 92 2 21 50 67 30
3 21 20 93 53 66 77 99 47 55 25 67 10 46 97 18 4 63 26 50 81 48 24 10 78 65 79 58 79 72 23 41 6 83 70 84 29 48 19 10 9 92 82 31 65 75 49 76 9 28
46 88 72 3 42 30 26 28 20 54 80 8 85 39 83 47 65 58 19 7 25 83 90 73 4 78 53 26 17 71 48 3 77 30 6 69 35 43 30 55 42 72 84 91 86 84 43 69 47 2
87 19 10 94 60 96 33 31 63 45 65 74 66 61 17 32 17 18 3 82 76 5 87 37 12 27 4 44 39 57 1 33 27 43 26 34 80 84 95 70 47 83 45 83 21 1 21 39 23 67
2 83 91 49 50 8 57 64 84 11 56 49 29 6 46 6 41 74 69 88 0 1 58 6 46 66 29 74 37 44 41 91 85 67 74 66 67 50 95 81 83 12 22 36 12 98 34 15 66 73
23 38 62 66 37 68 48 5 3 62 80 5 97 13 11 91 78 87 34 8 28 66 32 38 79 85 34 37 83 42 83 15 57 45 56 54 13 94 37 46 71 51 37 86 26 50 10 0 51 83
70 47 52 19 50 54 48 23 58 16 55 80 52 56 33 18 78 49 82 41 16 48 64 48 48 40 61 4 2 46 25 27 10 31 87 47 60 61 66 77 55 2 75 44 18 52 20 56 88 42
14 57 82 34 74 29 55 40 59 29 52 91 7 79 95 51 10 8 53 1 70 76 44 14 35 51 67 21 89 75 51 29 39 24 31 0 44 79 80 89 53 62 56 65 53 62 42 85 86 46
22 41 28 5 70 10 80 86 61 51 37 43 4 80 8 10 21 33 60 4 6 17 89 1 20 96 20 22 6 11 26 45 52 76 49 40 34 88 26 92 17 96 63 18 53 23 84 29 60 53
45 98 6 43 76 32 0 9 55 0 92 65 83 74 29 88 0 81 56 33 44 59 37 37 94 75 62 99 80 96 89 63 96 90 55 84 60 79 2 68 68 3 40 38 38 92 5 75 7 14
40 24 7 6 59 40 93 0 81 71 88 28 60 0 13 78 93 51 29 51 75 69 26 71 57 23 65 32 73 18 18 17 49 50 9 90 42 54 25 86 8 95 34 18 76 53 8 3 67 0
87 42 91 99 94 52 47 4 72 60 86 14 69 87 29 28 77 86 10 41 31 77 7 28 57 9 49 19 97 56 83 30 53 68 93 11 42 97 25 23 15 63 39 13 84 97 21 1 45 52
30 64 37 48 83 51 14 71 59 11 60 84 46 87 67 20 29 46 73 18 97 1 57 32 10 21 16 0 62 98 45 0 37 98 67 62 28 51 25 16 30 19 97 65 57 90 33 19 70 71
3 17 61 94 44 96 15 83 55 79 16 65 68 88 38 44 89 92 86 22 15 67 21 10 68 29 44 97 17 6 47 22 46 85 1 18 94 13 90 83 33 79 92 96 33 49 33 82 32 4
66 10 75 96 58 0 87 96 50 39 61 77 0 8 25 9 43 43 3 3 30 58 82 0 95 13 59 96 11 69 23 1 37 15 54 62 71 81 84 61 3 1 44 26 15 67 32 82 15 70
91 89 72 32 23 73 73 20 74 32 56 89 79 73 86 57 25 96 10 57 40 79 51 45 41 21 84 90 79 80 18 76 41 7 16 29 91 53 26 23 96 20 73 63 73 33 74 2 47 97
14 67 59 63 35 41 66 81 34 12 55 45 61 8 55 46 80 86 87 51 56 3 84 41 98 88 71 63 82 95 97 85 19 45 57 25 87 54 39 38 9 97 82 24 83 98 82 85 0 19
49 6 75 78 44 31 35 15 90 77 38 64 10 82 67 93 46 32 66 3 26 16 88 85 78 19 56 75 59 43 65 87 24 94 29 60 53 31 61 93 95 64 56 62 41 10 19 59 11 40
1 78 58 90 69 95 30 8 42 1 64 91 42 19 30 64 76 32 33 68 65 47 76 26 67 13 97 25 69 88 10 58 61 88 64 28 38 21 23 65 80 29 60 19 88 64 78 4 5 58
52 1 8 43 35 90 84 99 52 15 18 70 5 49 91 54 41 83 78 45 8 63 27 67 5 99 69 94 48 98 57 68 53 63 99 37 15 84 10 69 92 38 40 63 20 92 15 53 5 9
56 52 92 70 47 9 97 71 81 28 45 17 39 56 54 38 57 64 66 86 41 81 29 30 71 49 82 40 3 97 68 99 32 86 93 93 75 3 75 70 21 70 6 41 94 57 82 73 99 65
61 87 49 75 5 70 15 14 56 63 11 82 6 65 54 65 40 21 14 6 38 71 72 55 14 29 94 34 12 30 42 33 44 6 99 63 87 61 40 72 85 17 40 93 96 95 37 78 14 79
21 23 59 25 79 67 89 67 11 54 25 76 61 17 94 2 48 33 77 95 69 17 64 89 83 79 32 46 61 22 67 37 77 58 82 60 23 11 76 90 20 20 93 27 91 49 59 84 33 19
20 74 85 51 84 20 22 56 36 49 51 16 38 17 53 39 87 50 19 97 94 20 49 88 31 65 65 54 68 80 79 12 69 74 22 19 88 76 71 63 15 57 5 15 7 74 37 91 71 72
35 10 20 33 92 20 88 30 44 70 23 89 63 6 39 17 99 56 22 86 44 51 14 63 93 27 47 3 5 11 39 8 60 1 39 68 46 53 28 69 6 6 79 84 75 1 65 27 86 65
33 59 95 64 94 93 94 1 1 98 9 25 14 37 36 56 19 66 34 1 74 39 77 63 74 6 46 15 49 46 95 83 52 8 22 9 3 1 32 6 91 82 69 26 30 44 39 66 81 61
93 6 65 60 85 33 77 6 60 8 42 57 37 59 72 95 76 12 22 82 74 50 59 67 43 70 72 41 87 24 36 94 69 71 21 3 70 10 35 39 61 90 22 94 98 40 77 4 39 28
60 56 74 37 63 67 2 38 80 47 36 64 40 5 82 13 54 7 96 44 50 13 39 75 27 38 3 18 46 42 29 88 29 76 31 39 54 88 84 62 12 47 58 82 85 15 63 6 7 35
77 75 53 83 19 31 76 23 75 61 97 96 5 91 62 49 30 35 90 36 52 52 45 85 75 16 82 72 99 21 0 69 5 39 58 39 45 27 88 9 34 54 20 90 3 79 30 71 88 45
45 63 47 8 53 15 2 25 33 3 95 52 46 64 49 81 25 40 7 34 5 38 21 55 23 97 70 42 54 63 48 8 11 99 95 53 85 76 98 2 26 79 13 62 8 63 82 70 87 20
90 21 18 45 19 13 14 11 45 95 56 34 47 43 32 57 74 25 3 29 25 57 43 57 71 10 34 90 86 77 57 69 40 19 77 8 45 37 27 15 86 64 41 2 6 45 95 33 61 59
12 2 97 75 66 66 37 83 62 80 28 82 55 0 46 72 18 36 52 81 90 56 15 1 87 92 2 80 13 73 33 33 66 37 88 34 18 60 1 20 46 64 45 10 17 10 19 84 96 30
6 75 29 6 14 83 12 7 96 62 14 11 81 69 38 52 20 87 14 18 8 74 6 44 6 71 1 40 76 49 11 58 55 44 63 35 41 84 11 40 79 21 84 87 89 91 23 45 55 85
54 8 88 96 25 45 93 96 58 46 41 39 81 49 2 47 28 4 47 86 56 72 68 58 56 95 97 37 86 70 71 71 5 2 44 30 27 92 38 84 94 84 95 13 20 74 17 56 52 0
99 26 23 9 47 8 37 1 24 67 82 80 12 2 37 82 0 90 93 24 91 57 33 20 75 67 69 65 34 64 75 47 34 29 6 28 94 45 36 16 21 29 69 44 70 72 62 28 94 12
32 29 71 90 41 88 7 42 61 5 70 87 84 77 91 93 79 15 44 67 31 29 17 42 83 12 42 74 31 42 19 3 80 6 23 68 7 14 36 15 16 58 70 66 96 10 46 91 75 34
38 28 4 2 28 62 14 77 2 79 63 27 54 35 88 54 29 42 80 78 15 45 62 35 75 81 54 47 9 16 62 28 48 43 84 40 7 5 29 79 28 42 99 35 15 62 39 19 11 72
68 50 68 40 96 22 79 7 8 97 32 37 22 9 89 77 30 28 9 7 88 52 51 49 13 47 75 36 26 53 88 8 98 84 7 12 50 42 87 23 31 61 46 93 79 78 67 56 94 34
67 61 6 5 87 16 35 58 36 93 98 75 83 28 26 21 0 74 76 45 95 11 69 29 87 69 36 37 86 46 3 11 49 40 75 79 73 43 16 22 30 70 92 64 84 88 11 7 66 70
53 52 30 79 2 70 10 55 85 50 85 81 20 62 80 64 79 45 42 10 84 37 88 2 88 66 88 67 2 32 58 57 69 6 58 36 86 78 92 30 36 46 68 68 82 38 60 38 99 40
8 80 74 53 43 85 27 44 37 48 5 82 19 54 42 85 70 0 60 86 72 85 72 9 26 45 92 84 63 10 70 64 8 6 9 11 86 22 5 63 23 27 89 31 65 25 47 17 29 26
3 67 32 80 46 90 18 67 13 65 77 83 93 92 53 4 2 89 74 93 97 14 12 69 78 34 43 0 1 54 17 10 18 97 25 80 27 55 98 15 68 66 45 32 14 9 12 43 26 90
43 7 8 65 28 83 90 32 31 53 25 23 27 96 75 43 8 92 99 78 5 46 85 71 3 85 56 83 31 67 26 71 91 96 22 79 23 75 55 1 29 25 93 50 58 68 25 29 4 16
17 54 1 70 65 5 70 23 48 49 96 4 35 7 5 50 81 78 3 94 10 32 58 97 12 3 36 3 75 5 63 61 21 66 38 66 75 69 47 21 77 78 99 64 3 45 40 82 85 89
45 69 82 38 64 71 45 19 99 37 54 60 99 6 39 57 21 79 29 52 0 29 39 58 31 23 99 51 78 20 1 68 15 17 87 53 61 75 42 62 52 58 33 17 0 17 72 32 33 97
1 74 31 46 54 80 9 14 71 96 72 52 57 81 11 31 33 87 20 48 49 94 29 17 44 40 84 83 87 34 22 44 92 78 54 9 23 79 88 88 70 26 32 61 93 98 63 5 27 70
8 37 23 43 88 18 21 90 25 77 49 70 21 11 59 25 14 52 23 51 84 84 70 77 77 92 27 15 41 22 17 14 14 22 87 78 66 82 38 44 44 42 9 28 88 69 28 55 22 89
67 72 43 52 57 25 35 57 78 2 31 9 37 70 47 96 47 84 19 56 93 15 71 30 96 96 96 90 83 73 96 60 20 66 13 51 77 34 63 29 21 6 36 32 28 41 74 92 81 49
19 99 29 1 14 8 17 51 54 60 90 73 8 87 49 62 6 35 22 45 10 41 47 70 76 37 58 50 1 11 34 69 14 12 1 76 14 55 15 78 56 94 1 90 71 67 59 50 67 37
69 31 57 63 50 42 23 74 19 30 18 52 88 24 60 49 25 26 11 59 87 87 94 80 82 97 63 83 99 37 46 25 62 31 82 73 89 94 19 66 73 9 30 48 48 92 90 2 11 44
3 50 77 79 27 61 8 88 17 42 94 26 79 82 84 35 31 70 79 76 49 48 58 65 4 91 93 41 71 9 48 40 94 35 72 46 55 63 41 61 75 48 5 72 89 90 40 17 84 36
84 70 9 38 64 88 1 72 7 15 87 13 4 70 72 9 54 10 66 17 93 59 69 60 54 11 56 60 95 13 41 94 73 71 41 45 29 57 96 52 70 52 33 54 13 11 27 60 61 86
75 90 30 49 92 44 25 11 20 71 21 72 2 27 48 55 61 41 64 96 88 72 25 42 23 2 6 50 59 50 0 34 81 96 59 31 9 78 29 96 84 47 60 91 94 88 42 60 2 82
84 88 9 16 60 10 98 50 52 40 28 62 76 76 6 86 67 43 43 5 87 93 11 41 52 74 79 83 63 86 24 38 92 74 23 75 29 22 63 28 35 23 51 40 66 19 14 62 1 52
98 80 67 0 3 8 90 3 76 5 96 22 91 99 76 38 5 13 42 41 87 88 15 59 6 81 13 62 88 10 16 73 61 65 28 36 55 42 28 75 75 81 67 84 68 33 46 39 47 41
96 41 95 91 23 63 45 39 65 60 8 45 91 96 66 68 35 28 11 54 31 89 22 64 80 59 50 78 30 82 17 53 43 8 81 92 58 22 56 19 16 96 56 8 55 10 41 81 19 65
10 33 43 38 18 84 26 55 61 97 45 75 1 62 75 51 39 64 69 36 72 86 2 47 78 74 18 84 66 37 75 1 11 42 0 59 13 27 89 32 24 51 81 23 25 59 42 27 14 98
49 32 27 12 35 18 23 26 99 58 68 45 88 56 28 29 7 75 54 5 45 25 23 25 9 67 13 93 4 76 39 9 22 67 99 52 13 61 19 29 98 64 12 54 82 62 97 48 27 1
49 99 84 51 74 10 98 13 85 16 98 31 60 98 69 11 21 92 86 80 16 91 25 85 38 66 5 91 87 64 70 8 11 23 22 36 48 50 41 90 96 21 72 13 62 37 25 45 34 21
88 76 9 77 95 85 86 39 88 32 81 83 94 99 14 5 61 73 37 20 41 98 3 32 30 1 97 4 91 66 50 35 24 58 63 54 12 54 63 68 97 20 14 75 23 44 6 96 55 3
6 55 87 74 81 53 18 83 33 63 71 68 86 89 71 13 11 43 53 57 83 83 74 55 31 98 83 49 81 4 22 92 89 74 40 18 63 50 97 17 83 91 16 20 1 64 14 99 94 74
82 43 80 90 70 35 4 75 63 58 45 79 49 97 94 74 95 39 95 86 91 36 73 35 90 19 68 32 58 39 54 37 76 52 54 94 68 28 36 95 21 2 13 1 36 9 73 47 75 45
84 29 56 91 18 88 75 87 18 66 44 4 87 81 86 61 47 91 94 59 41 24 0 51 15 50 85 65 42 1 93 71 79 43 53 34 59 52 20 52 51 80 78 95 56 26 44 41 71 99
44 35 64 47 4 90 53 38 32 43 17 80 30 79 76 25 14 59 55 9 68 91 30 97 84 47 47 35 84 87 92 16 60 93 22 66 25 28 15 88 61 45 22 89 40 7 56 84 4 77
28 84 41 86 34 27 26 58 65 84 27 30 87 92 92 80 26 60 49 29 81 69 45 66 61 90 39 92 80 28 61 92 26 61 99 51 0 68 76 17 32 86 99 87 95 2 70 89 41 40
72 70 44 80 83 32 63 71 26 68 0 8 19 39 55 55 37 41 73 95 32 22 66 1 20 27 18 87 15 30 55 51 88 41 33 2 0 29 81 18 95 6 28 24 72 26 61 62 10 19
67 51 36 45 16 29 13 1 77 95 97 38 6 57 10 65 62 43 88 72 9 10 5 18 66 25 83 65 57 8 81 44 31 3 5 30 80 48 43 83 29 92 5 28 43 36 60 7 86 45
67 69 75 91 21 36 19 85 94 67 0 79 0 70 44 50 18 15 79 10 40 51 2 23 43 24 45 16 42 97 11 52 18 32 37 97 96 68 21 68 43 63 58 7 7 33 16 98 53 35
55 2 28 75 40 34 3 21 89 89 71 49 39 9 58 99 96 20 65 12 60 72 40 48 98 1 46 56 55 0 24 66 9 60 52 86 10 98 83 38 29 35 5 53 37 89 95 37 88 30
75 54 69 6 15 5 94 12 89 1 32 84 6 81 81 65 76 67 66 73 44 60 85 38 52 29 72 69 27 77 13 50 63 79 48 61 40 91 95 18 94 93 21 99 69 73 78 30 63 91
52 34 8 2 42 28 36 3 16 21 77 10 84 77 39 60 67 90 94 10 49 13 44 14 65 50 45 9 91 71 63 14 31 63 19 48 64 13 99 12 33 50 77 10 66 42 77 96 3 76
62 58 64 61 22 26 88 33 40 41 69 30 55 61 98 69 0 41 93 14 57 40 61 70 31 29 34 12 8 24 51 35 91 56 52 80 33 13 76 26 21 72 3 64 6 26 28 64 37 47
91 88 90 44 11 2 41 82 76 1 66 46 72 81 99 68 28 64 41 91 71 56 20 50 5 98 1 38 81 41 33 44 83 59 99 22 99 16 58 46 4 12 92 79 16 90 40 5 97 39
79 91 49 70 36 87 40 53 23 69 85 96 34 48 0 42 20 87 11 83 32 20 80 3 63 0 60 15 17 35 19 2 18 77 39 21 69 74 92 0 44 51 85 59 90 27 0 50 67 84
0 58 8 17 51 64 92 97 87 68 62 26 97 23 60 5 88 62 26 79 2 92 52 85 77 64 25 26 89 12 20 97 66 52 15 55 15 37 17 66 50 64 33 79 70 74 64 0 30 79
71 40 7 69 14 96 98 67 46 51 96 48 92 63 13 36 84 21 86 69 90 56 62 33 42 8 36 26 44 15 5 83 7 54 45 71 83 14 45 22 18 81 51 26 60 73 78 87 55 53
82 36 87 65 67 5 96 66 58 58 79 4 74 29 59 89 89 86 70 31 35 77 49 15 8 99 52 82 10 94 53 84 76 88 37 50 14 11 9 26 74 39 0 15 5 30 19 35 38 82
87 24 12 59 25 55 25 26 61 11 66 24 51 34 71 89 23 70 50 4 48 78 65 15 2 35 95 68 11 22 24 21 31 60 61 10 4 2 9 23 81 4 72 96 46 24 18 41 25 12
88 45 58 20 5 71 39 41 40 5 17 34 92 10 11 97 77 14 72 7 61 53 27 93 83 96 47 4 35 8 60 30 3 64 1 3 18 31 62 91 39 42 39 45 59 47 98 98 94 62
27 70 12 95 13 37 1 10 99 88 55 54 35 51 67 20 67 65 34 55 90 10 60 52 5 74 50 84 85 22 8 49 68 79 29 8 36 7 98 39 98 70 90 78 67 40 85 29 47 13
66 10 82 21 20 37 48 43 66 5 61 44 57 96 18 80 27 60 19 90 54 17 49 40 25 6 64 84 97 82 29 21 75 74 20 31 63 75 86 99 58 83 74 83 48 72 71 1 75 67
61 15 89 1 59 75 71 15 98 58 81 72 54 52 74 21 14 79 63 57 42 75 33 80 42 96 83 42 79 33 80 5 80 38 41 2 24 32 60 11 99 95 6 1 23 58 78 21 63 47
50 73 77 32 52 13 58 62 23 1 25 75 42 51 92 51 23 23 12 31 85 47 52 36 17 88 87 48 77 6 2 57 15 16 7 4 31 67 23 1 22 26 30 27 4 28 57 39 2 80
47 42 84 67 70 20 1 75 83 27 62 19 89 55 97 63 42 70 0 14 17 55 24 36 78 38 78 80 44 2 70 35 5 10 60 81 3 83 14 29 50 11 53 86 30 10 0 10 61 22
87 62 20 82 92 41 1 35 66 96 53 9 93 17 92 57 3 27 30 35 18 45 30 7 85 67 9 71 39 29 86 61 61 45 35 91 97 98 38 72 1 90 77 59 45 30 69 90 71 50
37 75 17 97 4 0 66 95 54 60 5 20 62 43 29 18 67 63 85 42 37 14 92 61 72 70 21 96 5 10 32 71 18 72 79 83 75 16 72 72 39 79 71 61 13 7 50 16 9 78
10 28 3 41 70 95 14 2 74 41 12 46 3 12 28 73 23 99 54 9 99 38 95 4 22 69 52 99 28 64 23 93 11 76 96 82 4 15 36 93 29 25 35 26 20 71 92 68 8 96
0 72 3 67 15 54 2 0 18 17 94 59 86 99 38 81 85 71 9 3 31 86 85 37 89 33 95 27 77 31 1 46 19 76 61 73 89 96 27 91 98 51 7 99 3 47 54 0 14 75
98 3 21 34 67 1 89 99 35 1 9 79 39 33 6 25 62 36 52 71 94 36 81 36 41 78 66 48 97 95 97 89 32 73 4 9 11 76 9 69 95 32 3 49 49 14 91 51 69 76
11 13 92 43 15 18 46 42 37 78 53 30 84 51 51 45 75 77 76 29 60 5 19 10 31 92 91 94 31 53 77 80 65 40 66 26 75 29 98 2 66 75 95 28 78 61 78 21 99 39
0 91 99 96 61 66 24 57 39 16 40 55 0 4 78 59 12 86 51 8 91 13 93 21 19 0 92 32 77 53 0 3 28 93 1 58 46 85 94 57 42 20 3 18 47 67 96 58 20 26
64 66 32 3 95 77 9 64 11 48 55 53 55 39 75 48 92 76 81 99 39 55 46 31 67 88 34 38 78 60 56 81 54 10 45 26 57 98 39 53 1 47 22 95 26 84 98 33 76 91
61 40 65 36 96 21 45 87 78 33 98 2 41 20 5 89 70 47 65 30 11 59 56 64 80 66 65 70 59 18 28 74 13 21 1 21 25 57 31 48 37 9 37 50 14 87 12 95 63 17
59 92 8 98 75 74 99 77 78 69 71 44 52 73 29 44 34 37 68 3 56 24 89 1 74 75 50 9 3 83 68 49 68 51 98 87 67 9 66 92 94 37 12 89 36 4 38 34 51 33
10 80 11 73 31 53 35 74 78 37 79 10 96 92 85 89 57 60 82 49 33 26 21 81 0 96 64 80 60 71 84 59 83 89 13 67 78 61 55 51 24 11 37 3 92 75 71 68 3 90
