43 87 64 80 46 67 83 0 32 57 85 43 32 89 40 10 47 58 36 84 62 2 71 78 37 91 88 19 33 58 8 92 20 21 13 67 88 38 83 94 86 85 37 19 74 23 26 23 80 0
53 26 17 39 22 30 32 32 62 39 88 63 88 10 93 71 70 32 77 2 70 59 18 23 72 96 81 63 86 19 62 80 61 52 4 57 63 97 32 55 1 69 18 67 21 19 82 17 3 81
2 97 41 8 26 73 20 82 86 51 59 1 34 7 92 57 72 31 43 14 38 92 76 30 69 25 4 60 50 44 87 70 62 20 63 89 19 94 51 55 87 56 63 3 70 64 81 14 32 36
12 56 28 59 61 54 49 67 91 50 89 19 35 44 55 66 66 49 19 9 34 32 45 99 27 31 39 66 27 32 25 56 54 16 75 98 94 34 45 79 20 92 4 45 16 47 96 78 3 19
52 88 42 1 18 57 20 77 19 2 98 12 45 46 13 94 85 3 46 8 90 58 88 57 96 12 60 98 85 73 58 90 23 99 81 51 1 76 24 12 78 35 1 82 47 45 82 84 84 34
34 24 41 90 32 85 70 32 31 73 24 93 87 97 78 10 97 40 18 23 24 47 73 87 13 13 25 8 11 16 84 71 41 68 68 42 80 4 87 35 45 16 15 92 57 70 5 77 4 43
17 52 73 15 81 57 10 79 99 32 32 75 99 72 18 19 85 72 98 88 41 10 61 75 48 45 41 88 84 62 62 82 41 3 74 59 48 26 51 12 39 94 13 6 95 14 24 88 35 71
46 39 83 86 56 22 15 98 36 67 39 36 47 30 98 96 8 8 67 79 92 26 78 94 9 19 97 99 38 77 62 87 46 29 20 76 74 92 77 48 17 11 58 2 49 0 1 57 77 40
30 45 27 32 12 19 93 92 87 75 69 19 89 72 81 61 26 88 27 4 14 14 24 65 51 1 78 60 57 34 22 69 5 78 76 71 48 86 27 63 84 5 66 33 28 9 68 63 30 36
92 38 40 44 8 17 9 47 89 78 68 62 53 66 69 56 61 70 78 40 50 71 13 6 76 31 91 12 22 14 52 38 68 22 64 29 84 86 20 76 34 68 40 90 71 85 85 3 68 56
6 17 18 69 87 92 34 58 59 51 38 45 82 52 95 85 15 66 4 39 30 70 67 48 36 82 18 17 37 81 68 24 20 76 84 12 66 67 72 75 92 48 69 99 67 75 45 48 58 51
21 58 71 54 95 13 13 52 41 6 38 23 49 24 84 96 85 69 37 10 89 29 79 2 38 25 86 18 94 21 40 43 10 43 92 61 3 33 67 20 0 43 13 83 74 15 3 70 70 26
37 27 64 84 41 49 2 0 38 26 5 38 5 69 54 38 78 96 6 37 83 13 8 17 14 43 70 76 30 44 28 48 97 41 97 16 4 27 38 88 59 82 26 87 40 3 23 17 62 55
67 25 57 65 33 51 12 20 11 8 16 20 91 91 81 37 81 88 83 51 44 94 5 75 22 68 74 29 34 11 94 8 61 45 30 38 61 60 90 58 31 43 6 84 83 97 28 4 9 76
55 56 76 64 95 18 67 19 67 52 14 51 64 82 62 26 4 34 5 24 73 17 16 78 85 49 38 81 52 89 83 54 57 38 38 11 0 82 97 56 44 40 17 43 8 17 16 86 17 43
56 85 21 4 75 98 88 91 86 14 79 88 39 85 64 13 17 90 8 77 54 23 72 19 24 82 1 49 68 78 72 19 25 55 73 44 47 42 88 6 71 19 72 92 27 77 84 10 94 42
28 98 58 36 15 37 70 28 1 1 58 82 31 80 84 57 72 22 87 18 96 12 3 18 22 74 61 80 70 19 52 48 91 20 22 50 20 45 79 91 11 10 57 20 99 16 99 10 66 46
93 45 32 46 73 16 85 22 96 59 58 24 34 70 53 71 15 94 95 35 85 71 69 88 54 89 95 70 17 99 62 64 24 99 75 28 87 75 99 98 70 66 67 19 30 22 98 43 27 87
61 40 42 39 40 92 27 80 7 18 30 34 17 35 24 29 67 38 93 90 89 0 23 40 15 48 72 31 56 80 15 58 20 97 59 96 94 20 80 59 17 13 22 9 34 75 64 42 33 34
31 64 26 63 82 50 40 53 7 18 55 28 85 92 50 96 86 58 12 95 80 88 39 12 39 9 15 51 67 23 99 86 64 4 74 48 84 59 47 84 18 22 3 59 99 72 90 92 14 34
58 86 63 74 62 47 76 51 39 15 26 37 95 6 94 38 97 20 7 23 28 98 72 87 98 21 21 98 62 37 99 43 21 52 85 61 9 39 61 75 83 61 78 74 72 61 71 71 82 11
87 16 94 17 11 8 87 77 57 84 70 63 97 55 45 52 90 10 84 56 86 26 43 2 77 93 87 9 51 9 71 0 69 4 29 76 73 52 19 35 0 80 15 53 16 29 34 32 8 76
49 44 89 94 11 65 73 84 95 34 78 29 60 85 97 30 33 90 97 24 29 71 51 76 91 26 26 9 53 99 19 88 83 84 82 94 15 61 2 40 38 9 49 66 45 39 51 16 27 6
53 93 77 40 76 29 61 12 4 85 16 59 5 68 65 51 25 3 57 5 37 12 79 36 74 87 94 48 28 62 14 7 10 8 45 77 61 41 76 1 95 86 91 51 91 20 68 93 48 63
98 70 11 69 67 18 72 7 4 90 10 83 42 55 48 93 48 17 69 98 11 51 17 7 6 92 32 70 40 91 27 21 39 90 29 5 55 17 20 29 81 19 81 20 64 99 80 2 49 27
64 23 24 22 27 87 73 15 74 61 23 57 55 85 44 97 95 28 43 15 18 92 34 68 5 67 54 99 99 11 19 16 38 56 70 6 94 50 44 37 30 45 71 8 86 87 88 86 69 78
65 6 11 10 37 17 48 74 69 29 97 94 36 53 38 85 63 38 67 29 9 27 84 95 30 54 69 36 3 71 68 47 82 90 63 29 34 1 29 83 24 55 85 41 85 87 60 14 46 59
28 22 86 78 20 50 43 30 99 22 75 32 86 61 83 38 40 31 29 73 62 48 32 13 58 21 54 66 75 19 83 31 75 30 78 2 17 46 1 75 31 1 81 58 15 87 85 50 0 21
73 44 10 55 83 25 24 95 50 55 60 2 82 39 17 94 3 61 62 79 78 73 63 10 4 95 51 5 2 16 34 59 50 57 47 53 49 15 51 39 32 15 78 6 24 68 65 67 47 8
99 97 51 55 12 38 28 94 93 28 94 68 19 34 62 23 71 6 44 88 76 88 95 47 15 40 16 39 41 10 66 75 58 62 68 35 11 68 64 58 12 24 94 45 55 76 25 88 79 36
56 36 63 78 43 29 44 61 91 81 43 34 56 67 66 15 9 50 82 35 49 7 58 69 8 73 91 67 5 62 40 40 52 65 2 83 95 60 57 57 40 53 99 32 38 77 22 30 64 3
25 84 20 72 78 22 32 23 76 6 70 81 29 33 83 43 81 8 33 34 82 61 11 93 41 22 10 81 49 96 13 77 74 93 96 31 33 86 95 3 36 85 92 56 17 36 31 45 32 47
27 71 11 58 1 68 4 28 43 53 46 84 41 10 77 97 38 49 59 39 22 42 27 19 85 14 49 65 58 27 52 52 94 17 54 87 19 36 95 43 58 3 3 55 38 74 84 22 31 26
19 57 67 66 91 93 30 47 2 48 94 27 38 48 37 33 37 24 1 5 76 22 32 12 97 83 29 36 54 79 87 53 35 49 3 42 86 75 72 68 35 77 43 92 81 48 2 59 52 64
44 15 36 97 8 62 60 67 96 72 71 49 0 22 34 82 72 61 16 15 2 52 53 16 49 66 1 48 11 57 84 54 94 65 74 62 85 37 96 81 37 46 12 55 74 62 22 33 73 86
62 91 89 67 59 0 57 15 50 4 66 82 24 59 36 90 56 93 90 28 87 58 26 12 28 97 54 5 74 91 67 61 92 56 17 40 27 37 25 86 20 49 58 11 26 61 28 57 56 26
70 14 97 21 83 43 30 70 27 60 96 78 96 9 17 87 7 67 41 3 26 67 69 65 79 56 84 24 67 77 30 93 82 26 16 49 52 46 76 74 70 88 34 80 65 15 82 97 86 15
52 25 49 23 46 92 52 3 1 17 53 86 64 81 96 13 27 65 87 32 40 67 15 77 26 18 44 74 96 29 55 26 88 68 81 98 22 52 81 49 10 96 48 13 7 48 94 55 84 30
16 83 87 46 33 25 30 22 11 28 6 26 8 9 52 76 52 4 57 2 34 61 47 47 98 13 83 60 94 62 53 41 42 39 21 29 54 46 19 45 16 11 97 79 39 3 62 71 60 93
17 90 52 14 11 6 70 78 25 69 84 92 85 72 76 49 93 67 61 61 21 97 11 15 17 73 29 17 96 36 56 38 24 17 9 63 92 82 97 10 8 67 64 59 64 83 96 40 31 78
39 88 7 80 83 25 0 25 11 67 63 19 42 66 85 56 99 63 57 21 8 75 51 15 48 76 39 5 4 99 52 52 83 47 51 84 52 4 9 27 21 59 8 83 69 73 99 94 88 89
3 12 49 77 22 15 13 45 39 15 13 98 64 79 19 57 10 45 17 65 47 8 66 42 12 46 53 53 73 89 13 90 65 82 71 68 10 13 17 26 69 16 92 35 51 86 21 86 69 21
23 66 9 52 95 61 82 15 69 86 8 0 51 24 28 60 11 76 8 99 44 21 71 42 77 91 10 71 60 98 85 7 19 46 91 6 74 73 36 48 86 92 5 87 64 54 72 15 79 5
77 96 45 51 66 35 47 17 93 61 59 18 28 56 2 96 94 51 19 23 42 90 36 45 77 89 53 92 68 78 23 84 90 99 12 28 74 38 86 59 40 1 57 77 73 64 51 28 92 13
11 99 89 41 86 56 41 95 56 49 67 46 79 48 31 49 25 47 96 54 53 29 37 71 22 53 25 96 96 49 68 75 30 88 82 60 80 26 92 27 56 76 46 5 79 15 65 34 61 18
59 56 89 27 26 74 16 13 29 24 59 58 51 92 6 88 8 75 98 67 80 45 74 86 48 35 87 22 53 15 84 14 45 99 93 58 4 87 61 45 49 67 43 55 71 44 8 76 51 0
93 94 43 55 53 32 44 6 75 95 48 87 26 93 85 4 38 53 61 30 67 67 57 37 34 69 7 20 84 80 39 19 46 61 84 39 31 40 83 41 97 86 14 19 34 4 98 36 32 14
4 69 49 36 31 46 61 70 43 12 60 80 74 28 4 1 38 89 63 56 84 38 59 80 49 65 90 15 54 34 57 8 65 49 71 84 27 8 24 33 60 69 51 39 80 42 62 49 11 71
37 33 83 21 53 42 62 82 69 34 61 84 31 16 2 63 65 14 85 23 38 79 90 10 31 2 50 79 3 25 72 54 24 0 76 15 54 69 25 80 72 76 92 84 41 21 7 59 83 98
49 10 27 81 82 5 56 56 98 91 72 20 36 78 10 70 55 53 11 45 70 84 97 1 51 33 54 33 99 10 40 70 29 45 70 98 32 81 43 40 71 84 93 9 45 59 30 89 55 20
55 18 52 78 89 16 82 49 96 70 74 89 27 82 66 12 85 24 21 17 38 71 9 53 94 17 50 31 72 96 78 6 84 82 90 93 98 34 11 73 11 76 41 29 99 86 48 86 11 58
5 87 0 8 22 50 0 24 6 26 72 88 83 68 53 58 75 69 6 31 87 95 88 99 35 15 78 88 76 55 29 75 10 69 64 53 25 75 22 43 82 69 31 42 29 34 10 37 6 95
31 44 62 20 8 83 54 3 98 30 75 24 97 76 50 1 58 38 26 41 17 50 50 12 17 1 42 74 30 98 29 58 97 46 14 16 10 65 95 26 88 68 9 36 91 67 49 4 68 8
66 60 84 28 27 54 11 68 65 31 9 98 86 52 71 76 10 35 19 73 90 26 28 93 17 96 48 89 24 53 27 55 87 49 15 85 10 95 0 66 37 85 15 65 91 22 32 81 11 72
27 53 90 75 66 45 57 95 83 34 57 37 22 78 15 23 95 34 59 83 54 61 30 3 58 92 82 31 97 93 87 54 49 85 51 36 47 0 85 41 0 86 91 49 11 57 83 73 4 24
14 19 5 23 48 98 98 57 56 97 35 40 9 20 88 1 91 23 96 27 57 96 85 76 74 13 1 12 37 64 50 64 22 36 40 54 6 58 78 57 14 55 2 36 81 8 53 48 96 64
57 99 67 2 45 99 49 6 37 53 18 41 56 1 20 82 62 29 69 83 20 53 17 41 32 87 51 39 69 82 76 5 6 46 75 98 82 14 11 6 23 31 34 33 26 74 9 66 17 3
79 64 53 39 51 74 91 78 98 31 51 89 14 75 86 47 35 80 43 12 7 35 67 95 50 5 19 92 74 71 0 30 43 25 85 21 40 15 79 56 35 9 42 25 61 57 69 42 43 87
79 34 93 9 53 23 68 27 31 89 47 55 18 64 3 36 71 90 44 73 56 17 66 8 20 45 34 68 47 8 3 56 73 7 16 84 51 33 33 18 44 45 90 9 41 31 61 39 51 87
69 61 80 85 24 78 95 8 18 94 41 0 78 75 40 45 86 67 28 83 1 46 25 73 76 3 51 36 65 72 43 59 33 47 12 69 79 67 5 12 98 8 92 22 77 64 39 65 38 8
97 10 46 24 74 28 63 4 90 53 64 62 17 70 92 12 99 4 38 54 19 6 20 3 15 19 52 18 68 69 22 51 25 17 2 98 53 8 70 25 79 13 47 30 66 33 28 39 70 8
96 7 5 89 82 85 53 53 80 80 79 40 94 31 73 19 26 29 81 60 62 13 18 7 47 77 47 18 74 71 68 10 62 42 25 44 46 17 5 13 28 22 77 62 63 0 83 34 29 65
98 34 39 83 47 14 41 24 86 0 95 48 96 22 31 81 51 79 83 99 7 59 28 23 29 55 97 31 23 89 16 92 69 72 70 48 96 90 17 88 18 14 29 95 99 77 59 79 40 53
71 57 6 59 97 84 18 3 59 88 5 30 2 76 30 85 65 2 41 50 69 94 83 75 29 71 45 64 84 49 23 90 67 15 43 64 51 65 82 32 82 76 66 64 62 7 46 76 75 30
20 89 52 72 86 38 34 33 37 86 80 34 95 44 6 35 0 75 93 48 16 44 42 75 5 78 78 70 73 76 85 69 57 82 27 9 48 46 16 67 3 50 63 11 53 37 15 60 39 17
58 70 7 92 38 32 46 58 46 41 85 69 57 75 61 7 16 86 64 39 68 29 97 3 90 24 81 90 19 26 49 97 74 16 38 33 98 37 53 99 56 52 60 76 32 10 36 99 33 39
55 91 84 52 0 83 8 28 55 34 30 46 2 92 69 60 21 47 16 86 16 29 97 39 68 76 70 31 70 68 87 54 53 49 24 92 77 16 28 73 17 65 45 20 34 11 31 21 76 54
90 46 0 61 77 86 20 0 96 59 46 0 31 49 49 5 86 69 60 32 37 37 8 27 41 24 24 70 50 65 40 87 43 24 79 61 24 73 98 61 45 61 78 90 20 92 68 97 5 69
80 48 59 63 1 9 78 62 18 76 91 53 6 0 78 0 69 11 71 58 10 58 83 17 98 70 19 18 55 1 8 79 0 28 60 47 38 25 5 27 26 84 70 40 61 57 28 15 52 37
83 28 13 4 14 36 82 42 19 52 4 95 52 55 1 68 30 15 19 69 24 33 82 9 11 71 56 57 49 62 29 48 5 85 89 35 29 99 49 34 9 33 6 75 67 43 70 23 32 42
60 89 18 83 96 83 16 66 40 83 47 25 48 72 52 11 79 15 79 19 48 81 34 33 21 70 33 95 40 8 2 97 84 21 69 19 16 2 23 75 33 67 53 10 4 44 69 88 36 10
48 19 2 27 6 87 64 73 90 93 59 2 18 51 88 88 96 67 93 74 13 31 88 20 98 28 81 48 20 7 34 17 63 72 70 60 10 83 16 68 83 80 93 94 31 12 14 54 17 54
44 99 13 27 28 55 17 78 86 30 28 57 45 46 30 76 56 20 84 7 33 21 4 87 91 8 61 52 40 13 86 4 51 36 79 12 98 22 28 6 40 48 51 22 8 3 11 56 61 34
40 29 71 42 90 33 88 29 70 58 85 58 18 57 2 98 48 34 76 72 23 53 34 61 31 17 33 46 54 55 80 32 34 76 79 23 79 92 23 64 68 60 91 39 95 9 7 56 74 64
80 31 24 40 37 99 92 65 22 3 72 67 56 10 4 25 41 90 56 48 20 50 94 59 14 28 23 78 54 0 73 46 82 58 62 0 49 34 63 52 67 95 2 54 63 45 50 72 50 42
8 14 65 43 59 83 35 86 9 90 95 43 52 69 20 23 8 16 56 50 40 49 34 7 31 84 21 96 99 84 98 40 3 75 23 18 79 17 87 68 83 24 73 24 83 26 62 17 90 17
8 71 16 71 34 30 29 59 36 4 2 73 59 13 72 0 57 83 69 9 60 63 87 72 50 14 89 63 58 79 97 29 81 12 54 47 4 85 0 73 22 32 31 26 51 46 74 0 84 21
86 38 59 15 89 59 82 58 39 73 17 30 20 39 37 98 67 7 32 32 28 1 46 99 69 7 62 79 94 18 37 14 28 75 65 26 38 61 8 60 98 47 26 95 6 11 24 92 5 77
45 41 26 24 88 46 39 38 83 18 93 99 42 10 29 72 33 55 81 46 4 6 62 80 97 70 11 89 22 6 9 3 49 78 4 19 37 38 99 72 47 68 38 58 86 68 32 25 21 51
25 28 54 84 23 55 22 72 16 35 82 57 71 7 25 93 37 56 46 1 57 22 66 50 36 54 22 50 64 81 62 94 17 47 18 16 56 81 68 18 52 81 70 52 88 48 50 12 11 36
4 14 0 26 91 31 39 88 48 41 76 61 54 27 70 71 73 43 67 80 46 69 67 50 96 77 28 20 90 21 90 80 29 44 57 12 99 43 33 20 53 59 69 88 4 13 93 69 52 50
55 42 42 94 5 66 88 14 72 11 57 1 43 78 42 78 0 37 55 57 63 73 96 83 85 2 80 12 32 42 8 45 64 79 75 9 32 39 54 62 49 75 14 11 14 88 82 41 11 24
28 7 17 34 0 86 65 77 90 3 70 33 81 99 64 33 70 93 62 29 23 25 11 74 28 64 11 89 59 62 34 53 33 13 47 98 70 82 18 40 28 43 21 41 15 49 21 34 26 27
44 90 48 49 1 89 40 68 30 4 27 43 99 67 85 13 65 95 77 11 54 25 79 74 15 17 71 47 11 15 67 20 5 2 66 39 39 90 34 71 27 92 36 82 40 83 75 82 87 43
94 7 93 41 17 43 1 16 74 76 55 72 73 70 79 94 10 36 69 62 78 11 83 36 60 82 83 84 19 41 59 93 36 57 40 99 1 11 48 57 13 50 48 93 88 66 48 19 93 45
84 55 5 47 87 88 84 62 94 37 80 33 75 46 60 74 40 45 1 37 58 45 19 15 39 26 96 76 12 98 44 79 16 60 22 72 70 1 19 93 30 29 85 52 62 25 62 70 79 49
31 39 98 37 5 10 10 44 5 76 31 22 32 65 77 18 73 75 97 58 37 76 50 68 18 21 36 26 34 68 18 64 48 37 84 80 21 70 7 92 55 6 70 36 23 70 7 57 41 60
98 93 10 94 0 30 48 72 40 9 9 10 17 4 46 70 19 82 22 75 33 93 23 31 50 88 32 19 85 54 82 78 97 45 40 56 43 18 95 1 64 78 82 16 9 40 25 90 51 29
49 42 97 62 57 17 27 40 43 20 19 40 56 32 14 61 50 45 50 79 87 9 11 13 35 59 4 89 3 28 96 48 55 42 69 9 28 44 23 5 20 94 74 17 28 61 46 20 30 53
66 27 55 47 66 29 72 76 6 46 93 42 23 94 64 45 16 25 75 7 12 14 6 22 23 99 24 57 73 25 1 25 13 65 30 11 93 42 0 95 92 35 58 69 45 42 26 41 57 5
52 59 34 56 16 23 43 4 77 25 23 73 5 3 47 71 27 17 6 28 91 47 71 51 32 82 88 47 35 32 71 37 39 89 72 36 70 27 46 3 75 51 43 96 2 44 29 30 70 75
20 28 79 56 24 35 29 99 18 60 68 85 79 43 28 20 53 64 96 30 88 6 26 59 82 66 64 61 1 88 10 64 65 12 15 0 41 73 60 96 17 42 34 82 19 2 43 94 7 70
6 30 37 11 3 74 93 86 24 74 13 56 41 9 71 74 84 82 9 98 82 32 8 34 7 45 57 38 99 88 63 74 22 65 41 74 72 74 38 97 49 43 43 78 30 86 85 37 95 30
92 15 64 27 44 35 61 17 90 16 32 27 97 69 72 30 71 24 46 61 64 41 1 3 99 93 46 17 81 82 58 83 67 82 56 1 21 70 17 66 13 37 27 46 47 21 75 62 83 95
86 64 61 9 18 50 53 1 95 19 1 86 39 62 77 97 89 95 5 62 84 40 20 12 48 73 65 71 98 61 19 83 7 89 52 17 73 55 78 88 6 57 22 75 74 26 82 68 51 89
14 42 41 69 59 32 41 59 76 95 28 19 38 39 19 41 98 48 23 30 40 93 80 77 42 5 52 48 31 27 96 10 45 27 18 97 37 13 53 56 87 82 23 64 18 52 76 7 9 95
46 66 58 89 91 66 71 88 64 33 58 53 66 2 88 19 96 54 12 35 92 35 98 89 63 5 66 69 97 92 8 74 66 28 76 14 0 76 97 32 5 91 61 60 33 20 55 2 45 59
28 8 75 40 25 93 30 29 8 42 14 80 38 81 27 51 40 20 33 68 40 19 19 70 24 1 31 86 48 24 29 1 77 15 34 82 48 27 29 77 69 63 32 21 1 63 95 15 66 5
83 42 51 86 57 52 38 64 13 47 21 16 35 11 12 29 92 69 65 99 1 53 56 79 25 51 50 38 82 35 70 28 41 97 40 47 27 23 63 6 8 91 39 89 97 26 17 52 17 73
83 86 36 13 35 17 51 91 71 13 83 91 4 50 24 96 54 21 6 28 0 58 80 18 76 11 86 69 33 47 29 29 61 87 21 37 64 93 11 50 3 93 39 6 2 89 52 93 77 53
