39 74 50 66 33 51 46 55 45 8 87 21 88 77 71 91 6 1 67 89 27 16 24 73 77 44 2 63 2 70 54 61 21 58 82 7 10 57 23 15 75 1 5 93 98 27 7 50 2 75
26 41 99 28 29 17 58 12 21 6 94 83 80 41 97 32 83 0 59 89 66 62 15 97 38 33 41 12 63 85 74 11 19 14 85 60 81 75 84 32 43 68 43 90 91 38 92 36 93 17
66 13 7 67 46 19 38 23 28 30 7 58 70 14 45 98 42 3 16 91 91 22 40 85 43 35 93 4 77 74 17 25 7 47 56 11 69 30 77 99 25 93 62 8 66 64 65 37 89 98
69 70 67 46 62 77 68 24 57 94 28 22 97 10 51 76 97 2 66 9 88 67 83 65 9 97 85 47 32 17 24 31 24 43 89 16 94 25 76 84 79 7 52 79 68 91 64 43 97 81
58 90 18 86 80 8 67 34 75 49 76 82 23 61 98 15 98 73 89 67 12 45 59 10 96 37 7 95 52 70 92 79 2 79 20 28 86 67 98 35 36 0 45 91 46 37 83 93 80 58
70 51 92 76 54 28 61 50 25 71 97 71 40 34 12 73 59 3 66 87 23 92 60 34 69 21 64 25 83 52 39 47 1 39 36 11 67 3 1 41 70 28 54 51 18 69 81 16 60 37
8 4 97 35 58 6 93 45 58 19 71 17 92 69 47 26 58 29 37 15 4 22 15 76 39 20 22 7 39 26 72 8 96 47 16 19 67 58 25 56 29 68 24 22 79 60 80 25 94 36
85 38 33 83 64 1 38 75 40 84 66 65 39 10 67 95 77 80 49 54 72 52 22 63 11 95 1 29 38 87 10 26 75 72 86 42 85 44 15 64 4 11 77 68 27 92 50 71 90 97
51 92 45 69 95 7 49 37 18 52 9 72 1 21 72 15 48 74 61 32 4 88 66 91 9 68 7 84 15 17 69 64 82 30 10 39 1 58 93 84 81 4 6 33 64 93 49 25 53 10
43 88 36 99 74 94 11 50 31 81 57 95 65 5 55 22 33 46 23 65 52 34 25 32 98 4 62 11 77 31 78 65 6 29 56 22 56 97 24 31 75 88 79 14 20 37 42 22 74 91
65 7 27 10 51 53 11 63 69 77 43 17 58 89 67 1 41 91 84 7 40 71 13 54 76 62 36 76 66 66 24 92 13 59 42 45 80 36 54 17 56 35 77 79 81 9 45 96 55 32
40 75 7 8 33 1 99 18 54 3 80 93 95 71 59 22 31 66 3 85 88 90 26 82 57 63 48 73 14 27 38 72 76 60 59 74 88 81 2 73 41 40 40 80 1 20 65 20 18 6
86 11 64 36 47 25 72 7 48 38 10 11 13 70 41 70 77 3 71 6 96 42 72 88 90 94 23 45 33 67 8 3 15 11 1 30 33 3 40 88 99 18 49 98 75 14 95 45 25 55
13 60 89 41 52 61 7 22 76 53 47 4 51 34 11 12 75 69 93 6 73 91 42 47 69 27 36 33 55 11 2 24 0 98 42 52 17 2 53 28 80 8 32 91 62 24 73 41 73 23
28 82 27 78 40 89 20 90 89 44 87 11 71 81 12 28 29 67 34 5 90 27 0 19 1 14 7 6 28 67 15 99 1 62 82 11 12 79 79 23 87 41 72 94 89 17 3 34 0 76
41 40 38 18 96 53 2 62 49 35 58 66 45 79 0 38 75 88 50 83 62 53 83 74 11 30 39 44 94 17 54 63 64 53 86 7 1 98 74 66 26 70 13 76 2 93 29 57 23 20
98 30 27 78 50 28 39 55 13 23 41 26 7 47 61 97 39 96 69 32 35 9 19 7 19 49 95 82 60 45 6 20 30 87 84 19 86 3 17 46 14 55 41 52 13 61 28 18 5 81
10 71 80 58 85 65 57 27 67 14 94 4 72 94 15 71 81 34 50 69 4 62 57 47 47 27 83 14 54 57 93 18 4 44 37 15 46 54 58 12 26 48 93 8 16 11 39 12 83 51
57 47 2 89 60 28 94 21 6 67 57 70 56 93 15 42 70 41 87 37 94 36 27 41 87 96 3 80 34 42 28 55 98 5 67 54 57 52 70 81 65 23 1 43 16 92 88 28 62 19
49 70 51 65 11 59 64 34 84 25 91 45 50 1 95 26 79 81 74 90 43 69 6 5 51 81 44 95 89 0 44 96 55 50 77 2 71 1 19 34 45 85 40 96 58 80 33 12 31 56
30 20 36 96 90 72 5 68 78 86 33 79 54 59 23 87 14 14 6 27 12 49 24 49 69 10 97 58 56 50 98 95 16 66 74 27 21 92 23 8 88 11 24 25 50 2 81 0 29 83
70 78 78 96 10 28 45 89 23 93 20 47 89 73 75 70 72 44 21 96 43 53 79 23 97 92 1 53 61 33 49 65 27 49 9 13 2 76 17 97 23 48 49 82 55 73 12 72 35 66
26 79 53 96 54 24 56 28 55 3 11 0 40 79 11 80 17 90 16 21 34 31 72 30 25 60 51 42 9 56 73 63 74 98 24 87 80 13 72 29 63 38 98 63 58 76 60 0 55 68
32 65 91 71 58 74 18 72 17 90 57 78 91 56 17 91 99 74 24 31 25 48 54 65 14 67 79 15 95 76 14 99 73 17 75 59 21 16 63 88 93 61 3 82 12 56 74 82 5 64
76 20 88 25 60 22 49 4 44 0 54 51 64 78 24 19 10 31 80 99 45 83 22 88 58 78 68 97 58 47 63 17 13 30 71 61 94 15 90 78 23 70 65 67 15 94 24 27 44 49
88 41 25 78 59 24 73 4 85 23 53 5 72 86 3 23 58 72 93 80 70 15 60 44 81 92 90 45 70 99 48 24 44 49 54 91 66 66 42 77 4 54 34 69 19 17 91 81 65 75
82 48 6 33 68 7 44 87 44 20 41 25 71 86 10 40 80 99 8 94 21 11 39 26 31 9 52 24 98 94 50 10 73 64 13 77 58 62 64 84 23 5 79 25 47 6 89 21 84 8
62 66 51 14 42 71 0 36 70 93 63 13 82 37 12 90 34 26 71 63 36 35 8 54 88 79 1 52 69 20 39 14 71 5 16 78 60 81 54 63 97 63 85 93 63 15 0 10 22 72
7 6 0 78 24 84 17 56 90 85 14 14 49 83 66 17 49 26 17 31 47 77 40 25 2 6 13 68 62 61 92 55 95 28 86 33 0 96 70 44 7 9 5 3 73 60 7 91 33 93
52 19 47 88 48 3 5 35 51 66 46 72 71 62 12 24 13 57 51 26 84 22 72 83 17 6 67 84 76 89 63 59 99 28 44 75 46 90 30 10 12 39 4 64 25 80 62 89 2 68
46 91 43 24 30 80 15 43 82 52 65 62 88 59 75 43 59 75 62 76 6 93 2 74 51 31 31 61 4 12 8 67 37 30 33 67 5 41 87 22 16 72 31 5 45 6 38 49 7 22
7 95 77 46 1 27 90 69 29 94 97 57 90 92 56 6 78 86 0 36 30 27 92 29 85 97 64 46 58 88 87 37 62 31 82 9 79 13 90 28 62 14 17 80 21 46 28 0 71 67
78 22 42 63 2 80 71 93 11 16 39 58 14 58 64 81 93 25 11 70 28 12 1 31 46 53 2 4 40 34 32 24 32 69 23 27 91 73 92 4 69 38 11 58 23 27 64 38 77 44
39 63 11 60 69 30 51 73 65 99 57 53 17 41 16 37 88 79 52 57 10 8 56 82 45 39 53 10 62 18 84 75 24 32 1 82 41 19 81 88 25 85 83 67 1 3 97 78 87 94
17 65 84 97 96 25 17 46 64 55 84 76 1 59 42 5 49 90 82 59 74 71 31 73 97 37 39 62 98 76 30 74 12 61 88 20 93 55 90 64 89 78 6 74 49 38 85 7 78 1
17 81 0 12 66 51 94 85 31 48 29 32 4 14 51 54 79 63 50 37 24 84 24 32 27 27 29 0 15 25 48 71 59 69 4 7 70 24 28 43 74 59 21 58 6 26 1 8 8 72
18 36 94 19 41 78 69 68 38 89 92 66 70 11 67 26 55 64 58 98 1 32 51 46 4 75 12 75 32 19 20 50 95 42 33 65 3 80 71 9 70 12 40 8 5 46 10 61 83 28
17 75 80 91 57 3 59 45 20 12 95 14 27 68 87 66 56 9 45 32 40 83 78 25 52 71 13 48 68 14 67 28 35 16 7 38 47 5 93 49 52 0 96 39 69 18 63 79 88 92
46 92 85 0 57 12 11 29 95 52 89 62 0 42 48 3 92 19 69 65 78 75 86 27 8 39 92 99 24 91 73 0 16 83 56 77 31 42 29 18 71 58 43 24 81 33 96 67 77 54
56 20 29 31 68 61 28 3 21 77 1 11 26 31 58 63 35 11 82 43 37 78 49 70 79 91 36 38 3 6 84 87 25 99 37 80 60 41 20 52 29 19 65 86 76 45 88 72 9 33
74 0 85 8 83 33 79 43 19 9 28 40 76 11 33 75 63 43 53 42 86 48 68 87 19 87 56 68 1 73 65 34 23 18 23 33 91 35 8 95 80 35 89 85 6 35 5 60 90 87
31 5 89 45 45 68 12 66 9 35 43 48 46 29 28 82 36 60 89 25 61 10 26 65 89 33 77 99 83 52 82 98 4 52 62 7 50 93 75 31 90 67 24 21 13 17 77 46 72 79
38 8 62 65 8 87 94 82 85 44 96 11 61 80 18 96 6 13 78 61 23 43 6 90 27 58 73 44 33 12 15 76 84 14 99 72 64 85 81 28 16 97 92 49 60 37 25 41 55 0
84 42 24 7 47 15 78 37 77 79 38 95 55 28 64 80 6 90 35 5 75 73 42 34 54 76 35 95 93 27 76 70 34 23 18 57 45 23 68 7 86 34 17 32 98 16 78 5 16 86
46 49 44 6 8 50 74 27 36 61 63 87 31 12 97 55 80 19 46 87 50 51 22 44 0 52 66 26 48 72 54 85 88 84 89 50 82 40 15 3 18 36 2 82 57 39 20 71 39 53
96 91 43 61 6 64 60 69 60 89 97 29 41 72 40 47 45 20 61 21 17 62 71 19 20 43 18 83 0 97 7 0 81 16 64 96 74 72 71 33 10 58 36 18 18 43 86 39 52 18
99 41 30 69 25 16 75 41 68 30 28 57 7 91 0 77 97 54 41 32 92 33 24 17 95 42 57 15 67 27 99 85 48 93 61 97 54 41 45 89 83 49 64 12 45 24 97 46 69 98
82 64 62 54 31 85 41 0 86 85 89 38 80 14 20 93 7 49 43 13 31 98 43 15 61 83 47 2 9 36 27 96 61 26 91 26 31 41 53 58 94 7 29 20 42 37 82 78 40 74
9 90 47 67 19 99 61 72 72 42 12 43 20 13 70 14 59 63 49 70 33 98 92 33 67 7 78 86 17 98 2 76 26 70 85 93 77 69 10 38 65 50 88 73 5 75 47 59 11 53
48 37 7 47 46 38 88 95 13 75 22 32 80 93 92 4 78 53 20 42 9 41 31 93 82 40 52 44 19 48 66 56 38 2 40 50 74 40 82 98 60 6 70 98 89 76 78 59 25 60
54 58 1 79 97 38 53 67 70 12 46 35 70 23 58 4 75 67 26 93 6 53 5 53 35 81 98 70 20 62 13 25 78 15 40 32 22 34 40 77 20 11 0 56 33 49 68 45 92 79
61 92 93 28 63 80 24 0 31 87 88 38 22 30 94 39 55 61 53 51 73 62 65 45 36 23 83 49 30 8 71 71 78 54 57 53 98 44 71 37 52 3 69 84 84 77 96 85 41 97
1 7 88 40 2 50 97 86 33 10 68 64 51 70 77 9 44 68 30 54 39 76 0 27 67 32 50 51 10 53 35 69 51 46 82 94 88 84 43 54 32 81 50 86 41 40 55 24 52 15
69 97 71 99 98 1 38 67 91 91 56 43 95 66 40 12 10 62 25 5 2 79 6 98 26 44 23 21 11 32 6 37 42 48 98 87 64 18 73 78 79 0 64 24 17 68 62 71 89 60
83 40 60 18 93 18 73 9 70 59 60 85 61 90 88 62 81 23 61 93 31 60 41 4 3 66 23 83 27 15 8 7 55 4 41 78 29 6 34 65 94 33 72 93 37 12 7 86 66 61
94 36 90 68 54 12 10 76 6 13 15 53 68 50 38 44 56 52 53 27 86 94 24 56 1 31 52 41 23 50 83 6 14 15 89 55 86 52 23 29 31 99 50 64 29 4 27 38 64 43
87 6 87 79 9 39 23 65 1 59 85 38 74 79 33 54 47 41 5 16 94 99 74 0 59 28 97 37 64 87 41 68 91 68 38 77 53 22 66 6 20 93 45 19 66 36 76 6 71 84
22 27 83 91 50 37 16 67 32 10 76 79 89 47 9 19 78 43 55 77 91 73 38 16 4 30 68 21 52 31 46 59 7 70 57 1 60 12 72 5 53 22 73 5 43 32 59 36 39 31
57 58 57 19 72 29 3 95 24 58 23 48 29 70 56 55 46 5 8 84 34 79 97 63 41 43 99 19 36 96 18 40 82 55 65 22 70 72 44 92 48 2 18 8 98 72 42 84 8 11
85 96 7 96 70 37 77 32 25 44 81 20 8 19 19 43 11 50 77 46 36 65 23 57 27 85 44 42 77 49 15 96 63 50 7 26 86 7 62 95 39 71 92 27 18 90 11 92 3 61
26 20 57 49 1 69 72 46 40 40 77 70 15 63 42 98 66 50 43 61 32 43 16 72 61 18 52 43 81 47 7 25 67 25 24 22 50 71 40 6 32 52 94 25 73 22 84 49 82 2
87 5 39 1 98 26 94 95 7 15 26 26 69 6 83 60 86 97 76 2 35 66 30 34 24 52 95 69 28 41 80 50 69 24 57 83 42 47 45 74 28 59 38 6 61 91 4 84 55 52
19 42 31 10 83 13 15 70 90 58 52 68 56 45 94 86 85 55 35 82 26 72 70 29 86 58 64 92 44 60 11 86 41 32 99 75 34 55 82 18 64 38 32 14 67 4 56 93 33 9
10 72 17 18 66 11 45 47 77 81 67 22 97 96 31 80 95 59 18 10 25 99 67 2 9 6 82 52 79 57 63 18 5 22 84 34 6 90 87 21 96 56 43 76 15 15 82 67 23 92
81 8 0 1 83 9 89 89 87 94 77 47 39 76 56 46 87 26 75 86 13 41 27 12 40 47 68 40 59 75 9 6 98 51 37 34 13 13 29 54 41 45 12 86 63 43 26 12 21 99
95 38 60 87 72 37 19 57 78 57 62 55 46 70 23 12 11 10 98 25 34 14 10 35 41 94 91 36 32 30 56 66 33 81 39 62 92 75 67 53 21 11 62 4 9 60 74 24 28 27
33 66 5 59 35 27 47 40 73 65 76 24 50 4 43 89 27 45 41 25 23 23 30 78 10 34 46 43 55 30 40 77 97 2 76 6 21 87 1 87 71 8 47 29 28 77 96 5 79 73
85 79 91 72 7 80 95 86 45 99 84 81 18 76 13 7 93 58 93 31 77 55 91 35 84 15 3 69 24 83 33 8 55 65 20 19 5 6 4 7 3 62 79 31 92 91 99 35 89 85
80 66 43 26 90 93 13 54 24 68 83 8 38 35 25 99 24 2 86 42 33 76 56 67 11 60 44 72 38 81 91 13 93 85 79 89 57 48 55 54 62 10 1 4 82 64 63 81 74 45
61 30 82 16 59 35 5 66 10 42 97 94 60 90 55 11 73 35 35 10 45 93 0 71 55 79 42 95 36 93 76 86 35 30 75 45 13 36 27 53 40 40 78 73 84 56 44 56 94 13
97 64 17 20 93 23 22 31 71 29 89 67 14 43 29 32 23 53 15 13 23 49 79 0 66 12 38 11 40 79 23 7 35 0 69 35 41 75 82 45 34 35 25 42 56 71 9 20 71 5
66 8 9 98 11 8 58 11 35 74 95 64 21 19 67 68 39 39 67 21 46 95 65 89 99 71 57 68 88 97 79 16 92 63 50 36 8 53 17 52 60 98 74 52 85 26 58 16 6 52
35 65 74 85 23 77 53 49 92 64 17 6 71 84 89 61 77 67 67 12 46 71 17 35 94 69 16 12 60 7 35 8 26 18 94 56 95 13 87 21 55 49 81 39 24 90 98 79 59 98
79 75 84 23 22 40 18 30 68 99 66 13 3 10 21 22 20 41 74 67 72 86 15 92 70 89 72 33 3 39 7 84 69 77 23 74 37 61 3 87 73 16 68 52 19 4 89 2 87 29
42 27 11 77 25 10 61 34 61 11 44 53 40 0 33 71 39 36 25 1 18 68 18 47 83 11 37 96 57 68 27 99 22 74 9 2 43 1 46 58 13 89 45 0 72 21 36 44 79 76
21 5 66 14 34 99 26 36 20 72 6 43 95 34 71 53 15 32 60 22 52 28 78 22 39 49 39 62 89 27 47 75 68 3 43 17 84 77 62 31 22 52 58 6 34 42 96 25 94 37
32 42 27 61 45 25 88 59 39 57 59 65 24 78 35 3 28 49 53 70 5 42 88 19 63 0 1 16 96 90 75 54 24 52 23 24 15 43 98 96 19 16 38 71 12 9 59 47 39 3
16 24 87 99 88 37 9 36 73 92 25 5 10 11 51 52 3 11 61 21 44 2 0 60 93 78 67 66 70 91 53 10 63 10 26 84 97 54 42 87 54 13 15 77 77 42 2 40 71 25
77 85 0 12 78 31 1 88 60 9 71 42 43 79 86 88 40 65 57 10 33 10 66 51 90 55 17 49 23 25 14 99 56 48 86 32 76 14 16 66 88 5 72 44 25 71 55 13 80 87
34 85 81 8 36 89 86 91 75 14 47 91 50 28 97 23 58 36 56 46 13 95 77 47 91 40 99 37 42 71 75 70 59 54 31 16 87 74 40 89 6 40 3 8 24 32 90 25 52 44
94 62 88 73 70 56 35 92 43 66 71 30 13 22 13 39 72 54 93 60 2 13 73 15 38 94 94 64 24 12 81 10 36 61 2 62 40 33 88 57 47 49 41 27 83 37 62 63 27 95
63 68 2 31 30 35 4 35 70 34 81 45 87 70 78 78 64 21 77 88 55 81 44 58 81 27 43 74 11 67 75 96 25 2 12 42 76 26 50 49 50 34 38 85 55 28 9 98 0 77
8 73 85 38 37 98 30 7 53 99 11 70 38 24 79 75 54 19 85 95 25 96 65 82 53 80 5 62 69 90 50 35 46 93 7 14 17 47 39 53 77 64 31 33 17 33 70 17 99 75
71 18 76 11 64 28 22 34 34 24 74 60 62 80 46 33 25 30 99 28 21 95 42 24 58 98 90 80 86 84 37 50 68 72 77 33 90 5 59 32 52 40 11 69 15 37 3 11 42 64
66 20 57 83 7 38 48 12 79 1 85 59 99 97 59 0 25 20 65 22 69 37 20 30 97 30 3 17 88 65 20 5 23 94 73 35 5 45 8 87 91 9 29 45 35 23 30 8 81 70
36 33 27 62 12 92 18 30 18 44 20 44 89 74 86 25 66 66 55 58 89 76 29 75 25 16 1 2 75 69 14 54 41 82 91 21 55 66 71 67 24 31 66 11 21 21 19 15 82 73
28 29 4 5 37 71 39 84 53 70 10 79 46 54 28 77 71 71 27 44 74 46 29 46 5 96 49 29 33 51 98 56 18 40 30 53 1 81 84 32 70 29 86 95 25 4 85 19 76 28
32 6 74 99 34 51 63 15 93 72 65 48 84 77 48 64 78 53 35 60 48 65 35 51 28 53 63 67 87 81 76 56 15 28 27 6 8 28 12 53 4 23 19 13 35 95 13 99 89 14
73 87 99 96 19 23 82 66 33 42 1 25 58 43 13 60 90 73 69 95 5 1 3 5 30 23 0 45 89 18 60 17 44 24 40 10 74 79 58 53 83 3 5 72 72 88 53 24 28 93
85 67 56 14 48 91 67 96 92 66 36 25 81 19 64 50 58 20 34 24 85 79 41 40 51 81 70 42 0 88 30 16 24 10 39 11 98 88 5 62 22 34 81 76 34 3 33 9 72 95
66 94 2 82 37 81 14 16 10 70 55 9 9 31 36 6 7 34 18 95 25 29 68 59 53 10 43 68 18 92 81 51 37 42 48 61 62 98 85 51 25 32 77 71 63 0 41 70 89 57
50 92 66 88 51 93 16 68 77 36 49 43 93 78 50 43 54 91 6 89 87 74 2 64 48 0 82 78 25 49 81 67 60 32 18 93 5 77 88 10 66 69 57 91 76 68 66 45 47 68
17 29 92 26 75 20 57 75 13 34 27 30 26 6 11 57 22 62 95 34 99 66 95 80 42 28 76 49 32 15 72 66 31 57 26 62 56 72 94 65 5 46 42 74 17 35 93 80 7 51
23 53 64 59 99 8 55 11 7 91 90 46 6 3 78 75 57 23 74 18 1 43 86 62 36 40 37 31 72 32 57 4 51 72 19 23 82 36 71 83 1 93 6 62 28 35 21 34 28 0
37 34 87 88 22 61 84 2 51 74 50 80 22 49 26 38 77 28 51 45 58 59 3 47 95 38 59 10 23 59 81 92 25 12 15 52 74 5 55 4 98 86 86 78 82 45 36 9 56 58
6 35 14 9 47 68 66 2 97 83 62 38 89 49 15 78 61 39 59 76 73 73 74 89 68 45 6 62 91 89 30 63 12 1 42 53 50 94 11 99 29 69 34 86 42 20 94 39 5 15
35 42 32 79 47 15 47 19 34 22 5 58 0 48 65 77 19 26 94 36 61 89 74 56 64 87 81 25 64 40 3 21 38 17 13 0 46 82 52 79 61 17 57 74 21 88 73 80 4 52
91 82 88 52 32 38 84 37 31 53 19 81 27 59 3 44 75 35 70 3 66 77 16 68 75 21 54 78 40 40 17 59 29 60 87 54 51 45 80 93 82 12 9 31 45 57 17 57 34 70
97 34 59 92 88 0 96 61 24 68 76 82 74 40 26 17 91 24 33 98 54 46 41 13 19 13 39 28 75 9 96 36 29 26 94 55 11 42 69 77 79 84 89 93 91 6 68 27 79 44
56 83 76 9 93 57 6 54 98 95 92 67 49 31 8 82 53 78 27 66 97 98 81 41 14 29 63 50 61 66 1 22 73 8 75 17 17 27 26 57 12 11 81 4 72 39 93 19 56 68
