65 87 68 20 22 51 6 26 86 98 39 77 40 77 57 1 23 19 7 88 34 54 57 68 50 52 45 55 89 23 50 17 95 62 64 33 30 8 24 99 70 83 97 18 72 93 55 44 81 54
8 14 7 41 91 57 43 13 38 69 58 19 76 22 49 33 80 22 57 65 15 67 47 56 14 76 45 85 69 59 88 89 17 45 68 43 25 31 25 38 90 74 93 83 84 87 79 96 13 24
85 79 87 18 75 78 72 28 67 91 1 43 90 5 21 63 1 72 44 38 70 16 86 87 63 50 66 89 80 50 49 7 34 48 74 17 70 11 12 5 24 63 37 82 59 14 65 0 99 28
84 14 77 52 0 35 76 97 61 20 18 81 69 38 46 35 51 37 93 83 90 21 50 88 51 4 97 4 48 44 37 76 86 24 64 68 6 50 12 2 39 24 39 5 70 38 46 78 63 14
96 62 83 40 77 25 4 54 89 29 25 8 5 15 30 23 9 99 35 57 87 34 20 87 70 19 70 62 68 52 69 81 95 76 66 11 1 81 61 68 8 80 35 79 15 18 75 87 13 8
14 35 19 57 1 46 43 25 70 42 71 76 89 16 95 20 44 36 49 74 45 26 67 54 68 10 23 98 96 15 73 18 25 74 43 59 75 28 47 23 77 85 73 19 40 49 36 96 20 95
72 58 73 86 58 94 3 42 35 71 49 64 54 87 16 91 30 99 88 13 61 38 41 62 5 36 28 26 99 25 95 35 49 83 59 28 74 88 1 47 93 17 97 74 92 32 96 37 25 77
3 3 78 0 91 29 3 50 68 11 54 82 71 32 71 47 1 64 57 31 92 67 76 83 48 34 64 86 47 53 75 99 91 83 36 1 10 17 51 75 80 67 88 57 7 55 94 68 51 73
12 21 25 18 42 2 32 97 89 30 3 1 7 0 27 40 74 84 80 64 20 63 5 46 93 89 76 67 8 61 78 61 32 66 35 23 44 4 5 69 17 80 48 19 83 16 20 79 63 95
0 57 5 71 19 5 73 86 61 94 56 61 4 52 86 86 0 76 12 63 68 68 61 88 69 59 35 6 75 55 0 90 69 84 7 92 60 71 95 4 79 48 82 20 90 62 85 63 42 55
51 71 36 46 63 31 69 85 95 38 73 24 13 84 41 93 4 66 14 7 39 95 43 19 54 58 14 81 11 62 24 10 31 46 17 13 10 6 18 22 93 27 34 2 2 17 34 35 4 14
59 30 57 0 25 92 74 29 92 38 96 55 7 6 86 78 89 95 10 8 27 49 63 16 85 39 34 75 87 96 64 11 62 10 36 71 7 0 49 95 39 91 64 50 3 40 63 32 78 83
78 74 47 98 83 21 34 67 71 72 25 27 62 72 18 47 49 50 24 14 92 15 50 81 29 60 33 70 82 12 98 52 63 93 65 50 47 51 76 36 67 10 9 0 14 43 19 21 2 26
12 31 66 30 12 45 91 41 3 1 50 58 24 78 10 19 88 9 84 68 71 87 67 68 5 89 21 56 80 52 40 97 58 83 31 75 6 38 71 37 40 21 12 16 86 60 72 20 11 66
44 73 93 45 59 97 86 89 50 37 29 35 85 94 34 30 89 67 28 74 25 96 15 96 48 83 87 7 18 17 20 82 28 76 61 43 47 8 24 96 96 68 28 0 14 57 66 71 2 0
31 28 8 77 53 30 57 78 21 37 5 93 49 73 84 44 89 87 44 37 72 41 0 73 40 27 91 49 54 80 88 83 27 16 50 5 75 33 82 41 82 29 62 10 59 70 41 32 60 34
95 55 4 28 21 55 65 25 87 73 58 24 57 82 26 90 34 37 99 77 11 48 41 31 47 94 64 62 89 44 41 87 29 37 39 83 28 28 23 15 1 84 99 80 30 73 52 90 57 79
40 10 14 48 23 71 56 75 46 78 13 62 28 9 90 36 37 87 49 99 19 12 80 11 25 50 85 75 44 52 79 98 33 47 90 72 96 91 30 69 14 74 52 14 39 39 20 7 38 94
30 37 82 63 55 32 23 73 76 59 12 79 80 74 77 73 79 29 73 6 23 96 86 94 55 9 97 0 61 1 9 14 63 5 90 32 93 40 29 54 81 1 82 8 74 34 77 95 25 5
77 53 44 57 30 76 15 72 15 78 6 96 29 91 47 79 9 42 23 95 26 97 98 91 77 67 93 64 27 29 54 95 86 20 6 86 68 72 80 18 36 31 88 38 28 82 44 13 27 12
27 44 80 62 83 76 4 74 13 21 32 92 62 9 60 43 14 66 35 3 17 60 68 33 64 32 22 50 13 85 30 25 10 91 89 81 53 81 92 17 52 99 57 87 93 70 72 1 10 28
49 92 43 46 60 4 21 50 23 58 4 75 2 92 71 34 48 63 59 54 39 17 42 5 80 79 50 77 85 46 62 74 24 79 86 25 64 94 32 49 98 10 88 7 32 26 28 13 57 81
8 72 55 8 86 64 73 96 63 85 79 89 37 0 72 77 26 55 26 32 9 80 0 20 75 92 0 16 44 99 58 85 52 65 51 49 1 45 58 22 26 68 4 46 11 97 16 8 27 86
67 6 81 36 96 70 80 18 95 30 72 7 43 83 7 38 57 14 81 79 60 72 79 69 61 76 3 83 25 65 8 35 88 94 59 36 82 16 91 98 58 63 83 0 14 53 25 42 53 13
85 61 16 91 72 97 79 5 87 51 60 72 94 1 91 99 74 29 64 15 72 32 55 84 56 66 98 68 45 29 15 80 87 22 71 58 56 23 45 15 28 24 57 78 10 47 27 49 91 73
5 88 2 4 51 68 45 9 25 89 20 55 3 78 29 62 21 61 31 9 51 93 59 80 79 9 76 85 79 73 60 55 22 58 13 68 47 8 93 91 43 87 84 17 90 90 36 7 13 24
30 74 10 73 27 87 32 14 75 44 11 81 10 34 34 98 12 24 89 68 16 29 46 87 13 3 34 13 99 33 33 82 77 31 76 79 81 2 77 28 2 4 2 29 74 8 81 73 44 94
42 77 57 43 46 41 66 27 48 42 51 51 60 84 41 3 1 5 74 81 0 55 59 19 79 58 31 97 35 94 5 23 49 46 21 62 69 88 79 30 96 67 77 55 29 8 61 4 26 29
72 52 13 0 42 26 86 74 42 56 97 8 47 33 91 25 49 3 51 15 30 52 6 91 67 47 4 11 21 99 74 52 38 48 92 84 63 56 94 54 69 32 63 18 60 73 14 14 93 76
57 87 46 54 63 87 50 79 32 54 45 80 67 11 4 96 46 15 66 96 3 55 80 45 21 3 66 9 83 66 61 26 35 37 96 33 10 4 33 88 61 2 50 19 46 20 5 78 59 11
43 60 10 69 78 9 80 96 20 44 50 0 2 17 57 95 42 19 49 89 0 8 34 6 73 32 86 59 35 83 48 82 49 67 42 8 72 9 72 20 42 51 23 21 6 44 48 64 20 51
71 11 93 62 14 43 4 76 13 91 1 10 66 4 92 9 48 80 98 65 23 54 20 20 83 88 52 81 54 9 13 0 56 30 59 22 69 25 10 67 45 3 1 31 19 17 0 75 83 9
26 89 8 32 78 48 80 78 18 4 7 66 41 27 69 79 5 59 98 58 44 6 69 98 1 37 99 84 74 73 77 41 76 48 5 26 95 34 19 4 91 67 38 1 58 85 23 44 3 38
89 42 60 30 72 63 52 71 72 70 40 70 31 79 25 7 51 20 71 85 69 97 14 23 41 8 38 67 26 5 25 63 88 65 90 48 75 17 15 48 37 93 88 0 19 35 2 88 41 29
59 83 32 28 24 12 93 7 89 82 76 75 15 31 26 41 96 18 2 95 63 90 3 56 24 90 92 78 64 74 61 69 75 83 41 86 31 28 29 3 20 67 98 55 32 63 28 74 36 89
53 56 57 16 5 59 93 73 80 10 91 85 63 96 62 2 81 10 45 83 28 28 40 79 80 86 62 24 96 58 73 81 29 93 51 79 46 33 68 13 29 73 92 40 34 59 65 27 68 7
22 16 64 43 61 45 64 50 59 40 44 54 2 54 8 91 15 83 52 51 10 22 17 56 62 91 74 51 91 61 1 94 84 7 96 57 2 49 3 61 34 78 88 59 21 86 5 37 92 11
10 38 27 77 90 55 88 52 20 80 29 36 69 77 83 42 12 11 64 30 59 99 92 51 64 14 18 74 33 57 27 77 43 1 8 46 63 91 36 57 75 3 65 5 79 85 25 55 57 84
26 86 41 3 47 40 85 30 2 65 6 14 1 65 15 90 51 27 46 96 95 40 51 15 17 44 34 94 11 47 3 93 38 54 88 90 87 37 97 92 85 69 4 66 55 85 91 41 83 46
76 23 66 97 51 33 23 85 24 30 7 39 29 52 27 49 13 51 12 79 59 19 2 56 9 21 79 53 21 73 92 64 95 40 79 77 11 3 6 81 11 38 48 80 1 66 72 90 95 80
36 59 37 28 12 80 61 76 96 68 79 68 49 53 63 20 13 99 10 38 68 7 79 32 96 98 19 12 16 40 60 75 8 69 55 2 35 23 26 82 61 26 18 21 3 57 76 52 70 8
70 48 63 46 31 19 23 43 50 35 97 39 24 78 91 38 88 34 15 37 59 68 97 94 92 95 63 86 55 1 47 87 11 42 95 65 86 96 65 41 95 51 11 13 42 50 90 20 66 85
97 87 19 2 61 92 12 46 49 24 52 79 84 47 30 63 32 32 56 91 6 56 94 11 3 45 94 45 99 47 66 80 86 72 68 99 37 41 13 8 89 10 98 53 44 52 38 3 28 82
89 4 17 21 40 69 41 66 41 0 95 73 99 1 97 56 79 13 39 1 94 65 69 74 3 13 82 14 34 47 51 45 16 56 39 81 95 65 81 26 2 26 59 61 87 87 71 79 41 31
62 1 8 22 0 17 47 33 73 26 22 50 96 2 40 90 40 87 70 47 21 90 38 83 52 8 6 38 21 33 38 37 41 83 39 24 90 48 58 43 49 4 67 69 68 54 24 42 30 87
70 81 91 39 64 74 38 1 54 69 87 28 16 79 74 83 67 7 46 41 33 66 84 10 50 21 73 46 14 7 73 88 10 4 78 1 9 14 72 84 68 81 82 9 31 55 6 76 20 65
6 2 82 29 40 34 18 32 19 66 86 54 73 92 75 40 85 0 68 16 50 80 36 39 30 74 50 72 42 91 16 95 63 52 22 75 27 43 14 72 0 80 59 66 52 33 58 85 57 10
97 59 28 24 70 31 99 42 24 8 23 67 30 29 11 91 39 85 73 98 32 86 8 63 28 45 63 19 37 75 26 79 82 13 1 2 53 51 36 47 34 87 50 71 24 10 96 3 3 82
26 86 37 8 95 3 14 97 6 83 77 43 15 73 47 53 76 33 55 54 54 73 87 93 36 20 78 41 81 78 68 51 22 28 60 99 51 97 59 69 39 72 58 8 88 16 76 52 96 47
43 60 31 53 11 35 69 81 83 19 4 83 39 64 54 42 90 61 36 75 46 94 67 90 85 47 95 0 20 27 42 9 35 35 76 5 54 89 43 14 15 44 77 13 44 0 51 32 2 59
47 69 44 87 16 17 7 92 7 21 54 45 96 74 90 7 61 3 8 26 59 13 58 8 65 91 91 11 41 77 16 76 19 91 35 6 40 12 73 36 47 67 44 17 8 74 49 93 78 19
93 35 53 48 53 73 62 40 98 94 95 56 93 54 6 2 74 46 10 18 64 0 33 62 69 68 15 86 65 80 5 26 30 12 74 62 49 15 60 28 38 10 85 64 26 65 49 67 17 98
61 82 46 41 54 76 43 70 63 28 10 81 59 17 68 30 19 78 23 46 87 94 13 19 27 60 62 30 75 62 65 39 99 72 86 98 54 98 30 56 39 26 89 6 80 70 35 62 37 36
68 44 39 5 86 98 13 29 64 99 60 97 55 12 34 75 53 24 59 84 23 12 80 65 58 24 32 98 37 76 76 49 18 93 2 76 10 47 40 21 77 96 8 89 6 32 15 69 21 22
29 13 11 80 32 78 95 0 6 99 46 46 87 33 79 6 14 22 28 87 46 50 47 66 93 67 21 55 36 99 60 85 80 32 29 79 21 11 45 99 26 38 98 31 68 25 16 81 32 67
96 14 21 47 67 43 50 41 52 7 95 81 14 47 47 92 55 38 53 2 71 69 13 98 48 44 19 91 91 92 52 79 23 92 16 10 46 43 66 53 46 43 57 14 59 9 60 14 37 75
25 54 84 3 17 97 6 34 74 9 40 67 87 45 73 83 97 16 44 42 51 28 51 1 45 27 29 21 31 21 65 84 9 42 25 78 31 13 12 88 34 32 78 69 50 70 43 49 65 86
4 52 61 29 82 80 97 18 87 70 50 33 86 90 74 83 76 56 31 35 28 94 36 79 85 14 38 87 62 97 11 78 88 51 62 71 53 82 30 56 65 64 56 10 76 58 80 44 86 58
78 88 21 43 23 54 47 2 8 23 75 14 83 15 81 30 84 42 98 15 47 85 30 2 66 0 38 87 40 44 70 68 64 22 84 39 91 13 8 2 59 62 56 7 40 61 56 97 44 6
49 56 34 1 94 9 66 34 95 61 6 30 92 14 33 99 7 52 6 26 99 45 80 87 10 4 21 78 82 6 4 40 24 37 73 21 55 79 65 67 6 74 64 22 37 29 51 77 95 75
8 11 99 8 75 50 53 94 49 46 53 92 5 95 81 32 60 77 75 90 69 77 82 71 93 22 8 40 70 48 12 36 15 21 19 70 69 66 51 3 24 73 86 84 13 39 96 9 11 73
9 52 61 19 1 42 1 6 69 68 61 86 86 95 77 99 10 94 75 62 3 69 31 51 31 42 23 21 38 71 76 69 41 77 8 39 7 90 34 51 33 12 53 59 27 9 92 49 8 94
22 8 18 32 89 21 73 58 88 49 57 91 14 48 74 93 67 98 90 37 72 39 74 84 6 74 27 5 6 36 86 1 87 50 16 99 16 40 41 10 60 24 56 87 89 25 96 83 88 45
21 28 26 87 16 61 57 62 69 11 27 39 86 53 29 11 49 92 93 79 30 59 58 79 6 37 32 97 67 16 14 89 87 87 94 53 32 82 58 32 39 57 30 95 42 94 2 95 7 71
68 69 52 51 83 24 17 19 6 48 96 3 98 83 96 58 52 62 94 16 8 5 61 58 48 73 42 19 64 78 49 21 69 25 31 95 98 46 69 1 50 56 99 27 49 52 24 87 4 15
60 51 5 77 40 26 1 28 72 25 30 76 33 76 80 66 25 76 62 18 30 38 91 19 66 22 94 94 59 20 5 74 48 29 75 42 42 26 53 86 6 52 83 86 74 94 91 74 41 1
19 93 15 72 61 1 3 1 7 37 29 18 22 10 93 16 26 44 68 81 10 79 71 57 1 47 21 77 11 25 53 35 64 35 94 98 38 51 30 19 20 94 5 86 47 76 12 42 10 26
91 28 87 91 76 81 90 24 73 49 16 75 33 65 77 27 46 30 33 5 19 71 31 42 30 3 55 3 39 62 23 24 23 90 39 38 37 52 18 63 69 99 25 76 76 25 10 99 61 30
41 50 33 27 45 93 6 69 97 47 33 67 26 11 77 9 2 3 1 26 89 7 10 94 46 23 82 29 43 99 13 50 84 32 21 94 48 26 14 60 14 83 30 13 6 1 65 53 91 89
98 83 7 20 22 68 18 26 3 58 47 29 87 30 13 70 99 9 0 13 19 93 92 25 58 6 14 4 17 86 19 86 6 62 77 54 4 71 58 40 81 41 81 48 95 89 45 14 12 74
48 4 7 96 80 95 7 91 23 74 61 30 20 53 97 15 73 20 93 22 19 87 73 43 14 77 86 3 6 0 62 61 71 92 97 95 3 21 44 38 47 84 98 84 57 41 73 97 78 7
11 48 6 44 49 74 58 47 5 27 27 28 27 87 67 50 8 69 99 40 93 0 26 8 59 63 27 43 10 23 66 23 57 91 24 21 19 48 2 57 36 0 7 47 65 4 0 69 23 42
66 11 31 77 93 50 75 76 3 34 34 93 49 19 6 61 85 76 88 78 13 44 66 30 52 85 93 58 78 2 34 87 32 92 33 66 63 95 80 13 54 3 63 38 12 31 29 34 29 33
61 15 35 61 29 20 85 91 89 51 82 22 91 74 67 16 37 50 79 64 2 63 71 99 64 28 38 16 36 3 81 51 64 13 53 33 43 73 80 89 24 8 12 33 43 57 99 82 83 65
13 49 5 8 66 5 32 51 95 94 80 28 17 4 95 46 53 7 91 8 45 67 48 6 52 10 99 53 63 86 62 77 31 28 16 92 70 42 30 98 61 72 73 53 30 3 96 81 85 99
30 18 79 14 30 7 88 53 29 77 95 66 0 79 46 29 58 33 57 0 92 50 33 63 34 80 53 21 70 7 75 11 91 20 90 64 36 29 47 11 78 18 58 75 84 20 98 1 45 78
82 94 32 63 34 10 85 70 90 25 1 0 81 82 46 45 51 35 59 69 19 8 87 47 73 16 71 75 10 35 41 32 30 91 28 40 87 60 53 43 96 42 36 43 91 63 68 63 31 12
89 72 46 1 29 77 47 36 12 59 58 95 94 69 66 48 20 74 80 85 58 8 36 53 23 58 80 28 27 57 6 2 15 20 61 65 25 80 55 13 22 45 7 40 29 98 89 12 89 15
6 33 46 99 29 92 5 86 92 91 81 51 50 96 83 37 60 86 72 38 72 83 86 66 7 81 83 50 35 52 87 48 70 35 12 55 72 72 52 6 28 74 41 62 90 51 66 28 29 61
21 87 22 47 68 1 28 36 38 7 42 5 85 47 2 14 32 1 91 15 3 10 29 0 92 21 28 2 75 64 79 16 41 78 61 64 87 3 19 75 12 82 9 75 85 75 59 38 28 26
81 64 69 83 78 62 1 77 14 17 83 36 5 76 62 57 82 9 97 70 4 26 49 61 10 10 29 70 43 64 51 25 54 74 69 50 16 8 0 86 10 45 35 56 0 95 87 10 29 58
8 68 23 88 81 33 50 7 68 86 4 70 76 19 11 13 81 88 51 31 98 9 74 19 41 30 62 62 86 9 35 5 56 34 25 70 58 77 54 81 41 18 85 19 78 19 48 86 97 45
18 88 74 15 26 88 32 13 35 95 94 6 84 68 56 45 48 69 59 71 33 32 9 18 88 98 64 98 85 47 77 55 98 17 59 11 46 68 87 76 99 84 14 66 64 64 20 21 37 17
49 57 31 47 96 92 69 64 84 79 96 41 19 22 17 49 18 67 12 1 18 53 72 3 70 38 9 0 70 66 14 72 53 57 12 94 36 37 7 52 96 75 40 54 20 75 12 80 90 16
77 8 71 13 73 19 42 82 9 36 90 42 81 64 50 36 37 22 26 65 60 77 6 97 15 61 70 97 69 80 86 14 14 26 80 42 94 62 20 20 98 46 78 19 9 22 43 37 21 92
11 31 90 69 25 25 72 29 60 96 23 89 30 89 98 48 19 37 74 44 7 87 64 89 31 80 19 98 78 15 97 37 94 9 40 90 72 41 74 98 78 34 71 67 4 23 22 66 60 70
73 89 34 19 5 98 7 7 14 21 42 8 41 36 37 29 89 60 86 41 17 99 75 4 91 59 43 10 62 14 70 24 63 31 13 1 69 62 99 76 0 83 60 79 8 38 98 38 65 37
66 89 51 46 38 44 7 31 41 10 38 51 87 23 60 16 87 52 26 33 52 59 48 14 63 62 0 91 95 76 60 0 19 60 26 19 36 99 38 3 90 5 71 43 49 0 58 4 44 65
25 46 27 90 12 25 70 99 30 78 34 14 67 43 38 62 87 10 48 1 33 74 48 9 63 92 41 11 27 93 12 82 15 13 1 64 99 16 78 62 20 46 38 10 21 57 38 43 79 29
60 16 80 78 49 29 96 59 15 32 78 43 0 26 14 76 6 4 48 87 34 36 55 43 16 96 3 36 95 22 10 53 41 51 42 66 78 26 60 8 55 27 93 57 70 75 11 54 40 79
96 99 98 94 24 44 5 78 46 31 14 99 27 4 83 32 22 58 3 21 11 55 39 27 14 93 98 67 36 23 8 34 25 97 24 40 8 15 74 13 38 3 6 46 2 59 9 45 54 21
81 81 54 63 54 58 78 57 35 45 55 50 23 26 65 62 82 60 17 22 37 67 82 53 78 68 46 1 15 21 61 22 26 95 26 96 10 63 60 86 56 95 60 14 55 31 98 92 88 50
91 94 74 15 28 62 45 5 42 39 38 3 49 36 0 25 54 84 71 34 11 80 8 86 70 26 16 8 93 38 10 37 20 50 42 47 26 2 54 6 60 84 69 91 69 22 10 47 25 80
68 65 13 10 52 52 63 68 77 68 84 63 30 15 36 71 39 89 42 19 39 19 50 63 2 74 77 75 6 17 28 71 11 22 39 63 35 6 78 49 0 25 99 26 17 60 98 42 59 83
44 93 21 54 80 12 13 2 26 56 73 70 61 42 97 7 12 84 74 61 72 99 0 82 26 21 74 57 61 81 26 35 80 51 78 22 91 15 12 21 37 39 41 42 15 61 24 5 2 19
96 67 47 32 97 44 86 41 45 14 77 28 30 36 8 29 62 85 76 0 5 65 30 7 26 0 11 86 32 97 20 50 34 92 69 46 14 27 60 55 7 85 32 41 51 54 57 57 65 89
19 42 48 67 21 5 4 11 28 42 26 29 97 91 41 31 6 54 21 39 30 92 58 58 13 60 2 97 46 97 29 86 36 17 90 3 78 47 5 36 98 67 24 28 41 61 66 57 94 46
9 60 34 6 49 39 46 36 23 78 79 72 93 73 74 91 62 17 54 40 86 41 48 47 9 10 61 8 73 3 16 59 62 63 49 87 44 90 37 91 46 19 75 69 36 9 28 91 67 17
34 48 98 12 89 91 9 99 93 24 21 97 73 68 86 55 74 72 17 66 5 69 72 51 77 72 0 38 84 22 24 10 4 29 68 87 85 25 17 71 56 65 56 29 42 80 42 56 67 74
43 78 32 5 55 60 71 27 81 98 78 21 82 64 91 57 26 81 42 16 23 86 61 51 76 74 7 9 48 82 11 58 46 29 31 96 85 90 13 84 95 27 58 9 77 37 11 4 7 87
