0 41 8 52 13 17 76 87 44 0 99 1 11 10 11 43 81 6 91 35 98 39 37 97 60 68 50 24 23 13 8 58 64 14 69 36 55 94 52 96 99 17 71 16 36 42 99 2 0 23
64 57 1 47 83 1 51 27 41 60 92 93 55 1 35 51 97 91 4 10 31 98 15 37 37 34 94 33 63 29 11 20 62 34 21 60 75 65 47 85 15 75 56 76 6 38 58 79 76 52
96 3 50 67 16 86 20 60 41 88 86 31 58 82 56 31 89 71 47 71 55 5 82 29 10 22 83 65 76 60 32 64 95 80 9 47 53 75 63 57 1 11 14 87 3 24 47 45 84 87
58 72 2 60 6 11 48 62 30 2 32 29 10 88 49 72 55 94 24 23 87 80 9 5 59 99 83 13 67 3 25 85 20 25 70 14 76 14 29 5 19 36 12 49 32 8 84 44 75 75
38 10 48 19 1 31 33 20 57 11 14 53 82 17 25 78 14 9 54 56 27 14 86 48 91 12 96 55 66 53 78 52 66 96 5 38 45 22 24 66 30 3 22 37 44 24 25 70 54 71
8 50 25 99 42 88 70 73 60 51 88 18 82 69 88 56 90 4 82 17 77 63 38 4 7 1 50 45 48 30 32 99 45 61 18 24 94 14 96 59 7 72 29 85 22 77 31 49 36 37
82 3 97 77 38 39 42 39 84 0 15 96 14 60 3 38 19 57 56 87 41 49 28 65 23 6 32 6 59 3 64 59 86 78 2 34 89 42 3 54 97 57 39 14 85 42 37 25 37 37
2 92 14 53 33 1 58 34 41 70 89 45 31 5 69 3 6 38 83 39 88 80 19 38 35 2 2 71 63 7 16 77 18 73 54 35 76 34 68 74 46 9 95 39 79 63 89 94 28 99
54 15 25 88 23 1 86 50 93 47 38 90 46 3 62 73 65 66 11 20 20 66 26 66 38 37 21 13 6 31 41 14 63 96 4 85 47 35 89 9 51 43 26 82 62 47 83 3 96 10
75 75 47 28 22 72 38 11 38 61 8 8 11 14 52 32 47 2 7 90 50 55 88 56 64 46 48 16 22 67 83 45 41 98 21 24 73 91 67 90 33 70 0 55 48 68 47 70 83 99
88 6 57 2 93 13 72 49 23 82 64 14 42 31 47 76 31 22 0 6 55 14 27 43 93 80 95 37 94 19 85 86 42 17 91 41 11 54 52 51 73 50 61 67 74 19 90 53 52 46
52 98 51 36 10 67 34 78 72 53 41 73 78 61 28 21 85 55 49 88 55 70 52 30 20 38 42 51 19 15 67 20 27 31 30 17 26 33 48 64 94 47 50 31 80 18 93 26 17 56
68 23 71 7 97 33 96 63 21 25 27 74 16 35 63 49 44 89 77 44 22 36 74 27 21 21 13 93 53 72 26 32 15 48 56 88 0 38 49 69 88 28 2 66 62 19 97 83 65 2
52 62 28 5 87 11 35 11 70 63 14 91 32 48 76 31 86 72 96 69 2 0 98 2 10 7 75 60 76 64 96 7 81 22 53 94 79 29 30 50 79 69 82 81 79 22 52 1 79 63
45 84 90 71 7 38 41 38 89 24 19 4 76 99 33 98 80 21 42 72 52 83 7 23 19 28 52 60 88 26 83 35 87 17 30 90 74 61 4 0 68 9 38 99 58 14 63 22 85 2
70 75 37 90 91 22 19 51 72 88 5 51 82 7 12 20 56 78 80 29 57 21 15 88 63 60 41 53 53 24 29 86 42 0 75 13 3 94 38 98 62 6 42 44 88 19 83 85 94 37
19 20 5 2 87 2 77 77 55 75 23 53 96 36 91 47 22 89 20 41 14 20 33 90 24 49 66 83 43 50 39 17 34 35 53 72 94 85 17 39 70 3 11 48 94 94 55 66 77 31
6 37 88 5 52 84 30 33 16 16 29 53 36 37 84 91 81 1 63 43 81 12 9 7 43 41 42 76 86 76 41 72 29 80 47 20 79 14 91 44 67 1 12 84 71 50 27 29 83 85
72 30 33 54 5 58 98 61 74 36 32 29 91 41 13 36 85 11 84 50 55 52 90 80 55 50 73 28 95 55 98 22 12 5 11 8 52 12 20 92 43 53 67 29 49 13 17 50 90 19
50 42 18 39 89 47 44 20 7 67 44 35 46 35 89 59 60 41 58 59 53 55 1 53 9 30 13 56 1 57 46 4 25 80 44 35 27 66 5 75 25 30 45 92 46 51 64 12 47 72
31 6 64 46 57 88 84 2 66 69 21 76 79 91 67 50 64 93 88 73 9 44 42 73 6 72 52 84 37 7 72 54 7 33 71 95 47 76 61 44 22 10 34 5 78 24 65 22 5 77
51 18 83 33 93 68 36 53 97 28 5 37 76 60 6 97 95 71 70 56 7 46 70 55 22 56 90 70 30 18 67 78 74 71 18 1 83 90 8 78 67 89 59 39 91 50 3 52 82 3
58 23 38 78 16 20 57 15 82 29 95 11 30 87 63 76 89 5 99 58 66 35 57 41 48 70 19 57 52 43 0 29 26 22 26 62 52 15 5 49 4 55 86 77 42 20 91 16 74 27
30 6 29 10 88 52 76 94 70 65 2 21 41 58 34 72 47 68 76 67 14 69 90 3 69 66 24 91 53 90 80 25 9 52 52 42 79 44 92 57 38 67 94 6 72 63 48 90 99 98
56 88 12 13 62 89 64 49 48 8 82 37 8 10 15 12 81 32 93 32 52 87 64 42 53 48 67 66 94 28 18 63 39 22 64 43 47 50 39 52 0 21 34 6 60 8 34 29 54 82
35 68 25 20 15 76 24 87 36 79 92 6 20 56 7 89 86 33 87 36 13 72 34 53 27 58 57 6 64 47 87 70 39 84 96 15 90 92 96 91 80 82 44 4 96 96 49 20 89 50
82 62 32 44 33 48 69 36 13 30 63 1 55 30 9 91 89 42 34 80 17 44 1 17 63 94 17 79 90 26 29 97 96 90 92 90 3 38 4 14 84 20 94 14 71 54 72 11 79 59
93 61 30 42 39 89 76 17 28 89 58 23 96 12 4 51 86 10 6 28 93 68 95 84 43 7 98 56 82 31 61 99 62 16 82 49 79 60 95 83 92 59 54 8 31 27 92 55 39 16
5 88 48 94 8 4 6 85 4 99 67 61 24 93 79 21 17 67 39 85 46 45 55 59 74 25 22 38 22 4 41 93 97 63 92 85 98 32 80 70 71 35 55 8 41 38 85 26 78 30
33 39 14 81 46 1 72 52 49 58 53 87 90 51 81 21 96 34 50 10 7 49 19 14 71 27 25 22 84 20 14 48 6 26 5 25 85 60 16 72 16 5 10 43 13 31 13 95 22 76
96 16 37 94 0 88 90 78 24 93 2 68 69 96 14 86 0 57 9 93 87 38 20 3 23 17 73 71 56 67 79 2 19 65 58 83 93 28 18 34 31 93 89 92 73 9 99 84 35 90
19 43 56 35 58 27 32 39 66 90 26 33 36 45 2 27 95 97 80 91 52 46 48 1 68 27 41 16 3 87 58 7 54 86 46 19 24 15 43 57 67 5 63 84 18 1 65 28 85 32
38 6 35 0 11 99 27 60 19 47 84 80 50 89 50 25 93 0 49 77 36 39 77 91 58 9 29 48 37 2 17 62 40 64 52 31 32 51 98 25 90 24 34 28 90 26 71 39 28 16
57 55 68 44 48 56 66 68 33 35 27 54 69 10 5 73 38 67 91 55 25 37 78 72 3 24 40 65 79 83 94 81 90 15 44 22 83 64 23 95 12 31 98 27 53 73 65 94 10 90
60 1 99 70 24 47 30 46 34 43 81 40 56 80 16 24 91 80 17 32 88 13 67 77 29 21 80 25 79 36 79 97 87 97 1 21 66 74 51 81 12 98 74 57 94 41 58 29 64 73
98 62 31 65 54 18 16 59 78 72 8 65 69 10 20 88 26 7 69 97 81 26 34 8 70 19 60 96 99 23 80 95 82 21 37 54 89 65 30 41 30 71 70 43 32 67 96 49 31 61
8 35 89 43 5 71 99 95 94 77 57 24 21 36 40 53 96 85 66 81 93 64 37 69 81 53 29 80 72 15 40 99 27 12 50 19 20 48 99 27 71 59 76 22 66 45 98 24 10 95
60 36 58 23 75 29 25 90 87 48 39 65 92 95 15 38 29 40 73 83 46 18 59 73 1 7 38 9 13 13 75 55 23 27 23 23 31 14 62 87 31 0 41 34 89 23 72 65 92 27
20 25 91 2 33 90 84 2 37 89 51 63 51 14 38 89 93 5 85 29 46 0 24 73 37 13 98 30 63 4 87 30 35 66 24 95 81 11 19 56 90 4 99 39 98 73 73 18 35 78
37 28 4 49 58 88 85 12 20 42 86 49 16 37 17 30 12 83 60 67 33 11 28 85 8 50 97 2 74 17 38 32 45 19 69 54 80 61 27 39 8 19 10 89 40 44 37 8 22 66
32 0 75 19 69 87 61 49 43 87 36 92 95 39 61 57 58 23 55 35 7 49 99 31 3 18 27 2 54 79 67 22 39 64 95 61 45 24 51 93 74 92 91 40 6 16 68 84 64 71
91 92 39 87 14 56 64 80 33 28 85 17 47 64 17 26 0 2 94 23 16 12 11 1 14 73 88 87 50 5 56 15 21 82 18 5 99 33 51 90 34 18 48 34 49 70 21 76 63 59
55 62 25 89 21 87 61 4 73 45 88 84 18 15 54 37 20 51 75 36 13 58 31 76 57 80 92 48 44 73 58 84 36 65 50 9 22 94 28 27 68 13 52 47 51 7 39 72 8 88
90 24 53 70 66 11 68 50 90 94 12 83 30 26 45 62 63 90 87 81 30 64 59 45 94 39 16 13 53 3 80 62 95 24 13 23 37 35 65 89 63 23 15 39 52 38 48 9 58 74
24 3 3 73 0 81 16 81 5 66 49 37 36 27 87 88 2 71 30 74 3 86 46 62 56 17 52 92 64 74 35 71 47 34 45 60 72 30 13 42 82 52 93 27 46 29 6 12 65 14
20 55 74 65 8 51 57 4 22 97 85 35 23 75 52 44 70 92 92 81 6 23 19 42 59 63 55 62 83 69 23 5 14 3 44 42 47 91 31 67 2 54 62 74 10 16 21 21 72 56
19 28 69 65 15 70 47 68 7 99 65 88 80 66 57 3 43 85 21 50 41 10 91 27 19 30 75 77 17 58 58 44 8 38 37 85 77 62 19 92 91 59 96 36 54 79 21 44 19 70
74 7 45 92 20 57 87 48 88 23 19 48 43 1 81 47 69 99 40 26 13 16 30 35 60 69 41 62 66 60 73 74 8 67 10 85 93 3 19 25 87 23 46 26 34 42 25 82 49 7
62 93 90 51 84 47 56 22 30 12 38 97 37 35 41 28 20 95 75 27 21 2 93 24 4 24 38 46 29 48 32 13 3 16 89 68 97 72 8 68 90 74 88 16 84 51 92 60 80 88
3 52 96 19 41 56 75 61 83 74 62 91 74 30 80 92 7 23 25 29 23 30 57 64 19 79 54 65 32 81 19 32 12 66 21 3 79 46 79 83 96 27 30 83 69 26 81 66 12 44
75 85 77 12 18 89 40 70 33 62 54 5 32 43 38 37 38 96 73 47 21 19 84 76 6 20 48 76 74 6 53 18 96 70 95 19 51 55 99 32 6 91 18 47 29 48 5 68 93 50
27 67 58 78 68 7 8 5 19 64 70 14 56 14 52 15 15 94 98 68 70 97 40 98 22 17 47 25 20 26 98 93 58 30 14 78 59 47 90 54 9 43 81 21 22 22 79 44 35 76
94 78 80 53 44 61 63 84 39 89 8 94 5 10 94 78 2 42 90 88 79 34 82 51 59 92 40 21 25 51 6 22 79 85 86 75 90 12 55 18 3 25 82 61 64 16 46 31 85 56
84 67 55 17 48 78 16 65 41 44 71 94 90 8 39 49 48 65 79 88 35 65 79 34 5 43 4 61 83 77 63 16 90 36 17 90 2 54 53 87 8 44 97 53 74 67 44 57 19 79
86 70 52 68 15 56 18 45 53 14 94 45 31 61 61 0 39 98 16 91 34 37 2 60 41 5 92 31 60 87 72 75 61 35 37 35 22 25 55 8 43 84 81 34 38 20 91 78 85 64
81 89 17 28 24 20 43 23 63 25 1 98 43 18 26 10 18 77 83 0 96 11 97 99 32 25 1 29 40 1 83 23 50 51 17 93 8 55 68 12 80 92 72 44 70 4 16 97 33 43
58 69 68 76 60 52 69 35 81 78 61 74 77 37 85 75 42 97 49 3 99 55 0 93 92 69 75 37 50 99 86 47 75 30 47 42 61 44 65 71 6 86 61 59 73 54 43 34 98 92
0 13 25 6 4 5 0 16 84 31 90 98 34 33 32 21 29 13 68 90 3 31 17 40 94 45 88 24 39 69 80 84 44 40 21 4 7 51 38 66 19 91 18 1 97 39 35 79 56 74
14 11 93 55 79 71 57 1 33 53 30 15 92 45 99 13 43 6 14 69 93 70 27 54 38 82 14 12 12 98 63 99 41 99 4 92 52 77 87 14 38 22 68 72 64 41 65 67 70 0
91 6 37 48 46 18 38 51 97 26 76 2 51 2 92 41 31 40 20 9 80 52 17 4 56 98 98 56 66 63 20 68 89 8 60 75 67 38 92 33 82 25 38 17 43 20 41 66 18 2
28 94 74 88 24 88 0 13 80 85 72 73 70 72 13 50 36 51 97 2 26 49 20 74 33 40 44 53 47 67 49 65 76 66 6 95 81 66 13 66 74 6 37 4 50 30 97 5 98 88
34 79 38 79 9 8 45 73 48 81 45 86 23 93 45 40 25 10 36 15 57 32 30 70 84 4 62 69 96 74 88 91 22 19 36 91 70 27 76 96 54 15 92 85 75 51 72 18 59 7
22 6 38 65 64 59 92 88 65 46 54 4 5 83 48 28 75 64 94 92 21 37 18 76 87 11 2 37 94 6 44 21 87 91 56 70 62 94 42 12 97 39 4 40 43 33 28 40 36 37
54 79 3 11 55 30 28 57 29 57 7 30 72 26 88 10 89 41 2 78 8 41 20 4 77 32 61 3 68 20 71 22 53 13 59 97 81 35 29 92 18 28 19 94 32 89 52 73 25 56
4 18 73 79 35 79 99 23 91 93 24 7 11 19 45 39 29 39 32 27 34 48 59 49 1 67 69 13 63 19 19 0 53 7 81 2 77 87 14 67 18 86 10 70 81 6 63 17 28 8
86 79 85 18 68 82 79 18 41 13 8 92 48 28 9 31 30 94 29 4 77 77 92 4 15 81 40 65 69 20 7 78 48 34 13 73 90 36 37 40 10 75 79 43 1 0 99 94 76 8
11 38 46 20 44 47 25 45 62 98 22 79 93 20 19 76 26 17 3 78 47 91 41 85 7 17 51 18 8 68 6 0 67 58 24 64 83 62 92 53 7 46 64 86 6 86 65 2 35 58
95 33 59 99 99 81 72 16 49 95 27 31 27 23 93 2 84 87 32 61 42 92 55 13 11 0 95 83 53 31 73 88 74 44 54 11 40 19 74 40 3 96 99 46 3 83 62 1 0 97
51 6 76 16 87 96 42 78 68 64 59 85 69 0 52 34 35 97 36 88 62 44 77 43 70 63 5 7 35 99 59 4 34 61 68 48 75 39 23 93 74 4 83 3 7 84 10 99 86 38
28 33 19 92 15 36 73 14 65 11 49 82 16 34 8 94 68 56 69 81 62 9 42 66 90 11 43 71 7 68 2 67 20 32 20 69 52 59 84 47 52 30 93 65 3 64 56 24 67 91
53 37 48 70 47 81 86 2 12 8 61 53 52 94 35 76 62 15 79 14 77 21 36 34 28 20 85 93 43 89 38 93 18 58 64 89 92 87 39 68 85 64 51 73 55 55 49 33 62 0
37 78 98 59 89 67 25 6 84 89 99 71 53 63 24 5 66 92 29 37 84 39 76 2 76 54 16 9 29 60 88 70 22 12 59 14 7 8 61 89 46 64 28 27 93 60 86 40 76 52
75 95 90 36 23 20 76 59 16 54 92 56 88 73 91 22 33 90 26 82 78 69 45 51 14 82 31 57 65 49 63 98 38 42 64 81 8 57 15 78 83 58 3 2 83 92 98 13 19 53
23 10 62 21 54 31 39 13 53 67 77 8 88 85 1 80 60 74 0 48 98 45 46 36 58 82 63 50 52 53 2 20 80 8 27 72 76 76 63 47 65 30 35 89 2 66 76 31 4 82
38 85 78 61 1 83 91 49 77 23 17 40 89 55 71 87 46 40 1 33 68 38 92 15 66 23 66 93 21 29 4 56 81 71 1 82 93 65 47 39 48 94 3 16 65 10 53 83 32 74
25 42 32 7 8 60 6 30 88 65 32 18 44 28 89 30 17 88 61 77 94 67 67 10 3 85 5 81 63 91 99 18 83 92 9 48 3 7 4 91 2 93 93 2 56 69 96 11 3 63
35 65 22 94 97 18 42 93 78 60 98 94 39 97 96 61 25 86 62 32 0 97 26 48 76 54 90 40 15 17 50 63 31 10 71 6 68 52 23 17 32 82 45 0 51 40 46 42 16 98
75 5 3 23 40 73 43 63 34 80 25 6 9 41 29 1 29 21 45 3 27 40 8 57 79 37 99 98 9 30 47 15 63 9 53 96 53 3 56 5 29 20 15 23 33 93 86 87 77 75
52 56 40 15 15 63 65 68 31 96 5 10 22 57 12 96 2 32 47 29 6 73 4 30 32 66 93 40 36 82 98 70 94 57 39 17 85 23 13 44 16 11 11 68 35 34 96 97 62 67
39 1 41 42 66 46 11 45 2 60 28 85 64 32 79 14 14 2 78 97 10 31 16 51 76 5 62 53 68 99 5 38 47 52 52 9 6 77 60 9 73 9 79 11 63 76 78 5 3 75
17 66 90 4 48 84 41 23 25 69 70 71 26 63 54 93 50 59 77 8 85 89 23 50 31 37 52 11 19 54 99 68 15 90 97 76 39 85 70 87 18 31 76 44 29 26 1 23 9 40
91 81 99 48 22 86 4 63 80 86 48 12 12 59 88 3 9 49 16 97 50 21 58 51 60 90 12 88 57 10 14 68 72 90 2 43 11 61 89 42 61 9 67 65 6 45 64 11 45 27
54 26 75 15 11 92 77 93 11 88 44 77 45 81 33 69 99 61 16 78 42 60 69 94 53 17 35 6 31 54 25 51 34 48 42 82 95 37 39 78 25 0 45 90 33 77 28 75 18 67
97 62 9 90 66 37 89 16 43 15 81 21 22 68 31 80 37 47 93 84 69 40 77 77 71 41 77 39 35 5 94 68 82 10 31 26 99 91 54 96 93 99 75 92 69 48 26 41 30 17
33 77 19 50 27 19 80 8 96 10 16 68 75 6 49 14 82 81 54 83 89 2 56 19 62 63 85 97 15 53 15 88 31 25 37 86 24 60 38 10 6 2 79 8 61 45 80 26 90 69
78 62 78 47 42 12 41 25 35 45 87 56 47 84 76 92 22 47 34 60 10 83 31 29 21 42 79 58 61 25 93 66 99 17 37 87 46 33 0 11 65 6 9 88 81 55 9 22 50 45
21 98 18 41 56 92 59 39 22 74 24 94 79 17 98 70 69 40 74 83 80 12 90 71 25 42 3 13 87 96 23 56 12 92 80 24 64 46 12 48 78 72 60 5 5 62 22 70 21 14
73 40 48 58 35 61 61 44 97 63 53 26 98 95 39 94 85 97 62 42 38 75 90 18 35 66 56 56 62 71 32 1 63 70 54 34 32 45 32 22 72 72 17 48 2 56 41 64 80 80
13 84 25 90 54 96 80 98 28 32 4 46 74 81 83 43 69 37 74 8 25 48 58 32 94 97 45 96 18 39 36 40 23 38 86 39 51 93 80 52 17 75 65 45 24 77 7 69 96 1
80 70 91 11 78 44 2 28 98 30 6 14 67 89 58 77 19 5 16 27 5 23 51 45 94 96 93 57 63 29 66 40 98 66 56 33 67 30 2 92 88 88 41 12 50 33 33 45 16 71
52 16 21 76 20 21 9 90 41 25 55 22 55 47 44 71 68 38 69 80 92 56 23 95 59 96 93 41 99 24 62 95 35 86 2 78 79 16 45 11 53 51 46 3 64 89 92 9 10 92
17 58 83 22 52 85 78 94 16 33 50 0 64 3 55 6 79 27 57 70 87 48 31 42 29 29 10 40 96 30 65 59 45 95 46 56 4 23 67 93 95 86 28 3 95 13 33 28 94 85
2 49 68 41 81 21 41 68 1 52 44 23 14 6 18 7 63 55 37 50 15 77 1 64 41 1 43 56 30 84 85 63 69 79 95 89 44 75 46 1 68 59 90 73 64 92 4 5 93 49
67 53 71 41 84 6 25 59 11 67 37 97 31 1 70 44 31 21 17 64 19 88 29 42 43 46 9 94 25 5 68 80 79 93 24 36 1 10 5 47 66 93 50 86 31 74 76 7 28 56
77 2 12 31 10 81 51 87 89 57 58 69 52 81 66 88 50 10 1 2 42 78 12 74 6 40 55 6 77 31 7 99 98 67 59 32 95 38 15 12 99 35 44 37 8 59 68 86 58 88
42 81 43 5 77 60 74 68 20 64 99 56 31 29 9 51 27 83 7 92 85 12 34 41 89 29 0 8 39 25 0 49 61 48 13 85 32 46 2 83 56 17 29 19 48 19 81 93 32 41
26 3 95 66 49 16 50 84 92 8 87 75 37 44 36 94 89 36 84 10 31 48 66 8 26 73 23 68 75 84 43 98 53 62 24 12 93 29 19 56 39 53 91 63 51 51 67 87 54 23
38 35 2 40 28 63 85 12 72 37 66 18 72 55 87 38 33 4 4 39 33 91 53 84 54 27 0 95 22 73 89 84 45 10 44 35 30 71 12 84 68 76 68 14 30 80 51 45 63 92
53 95 61 61 17 32 89 54 5 79 98 40 22 4 85 0 40 35 36 36 91 85 73 3 34 95 42 18 57 48 79 6 98 4 17 80 22 24 70 25 71 34 69 87 68 71 39 51 78 50
40 2 66 14 26 6 18 41 83 95 58 88 62 30 79 95 95 63 55 52 28 97 48 79 13 57 25 20 80 3 15 27 71 26 79 11 38 7 72 44 67 79 27 87 91 61 27 56 24 96
