73 2 84 56 29 96 65 54 57 65 24 97 87 14 4 71 28 57 57 17 0 14 2 39 91 58 3 18 57 24 93 49 73 54 70 35 44 5 65 74 74 74 27 29 1 52 30 63 73 30
60 5 14 93 91 59 23 58 72 40 95 64 48 21 87 97 55 50 42 9 89 78 50 60 71 28 58 98 22 85 7 42 75 91 58 70 26 67 14 47 73 24 94 73 41 65 23 53 65 46
41 26 54 48 68 98 2 2 81 85 58 57 46 10 29 12 93 67 71 62 93 29 91 51 43 63 15 0 45 96 61 43 21 45 99 18 5 32 69 21 72 37 24 49 89 98 87 47 23 52
92 71 46 95 28 18 51 86 98 41 38 31 55 71 79 67 52 49 53 44 28 8 24 88 65 61 40 39 40 93 65 42 14 45 73 28 67 91 45 2 75 81 26 19 78 72 81 32 89 3
25 54 96 46 89 88 3 15 92 11 53 41 24 39 21 47 0 68 67 71 26 33 87 23 45 71 15 91 30 6 36 7 60 58 10 37 5 71 98 25 86 29 36 67 49 76 72 98 20 43
86 76 58 46 43 63 4 74 56 11 62 86 33 26 52 59 86 62 47 42 37 38 73 94 25 25 21 66 26 69 30 81 41 71 78 89 90 16 43 24 0 82 71 84 30 97 1 90 81 81
92 58 88 5 53 82 52 91 78 50 72 37 73 3 86 94 78 27 43 29 22 87 30 27 28 35 71 40 88 52 93 0 26 3 63 35 16 35 0 43 23 8 93 47 1 13 32 60 74 30
13 65 9 13 74 56 8 41 82 37 46 10 12 14 41 23 51 27 81 48 35 70 69 12 64 27 2 33 99 1 14 40 92 23 18 81 18 9 97 60 0 13 99 67 21 9 0 19 50 36
78 57 48 62 34 54 74 68 83 37 52 27 4 76 83 78 74 77 90 64 40 65 37 21 48 22 5 81 59 62 68 97 99 85 50 48 70 29 61 95 48 14 53 76 81 8 41 15 63 36
72 74 6 13 35 44 48 96 73 28 98 45 76 25 12 99 47 37 85 50 29 8 14 36 66 87 18 16 32 41 54 38 89 34 82 48 23 95 58 39 93 82 26 0 84 0 71 98 43 50
33 91 92 34 13 6 65 46 35 3 58 23 24 57 17 50 99 4 52 68 4 9 46 10 1 19 75 8 90 66 34 97 28 89 31 75 99 24 16 32 89 95 38 43 22 65 40 46 64 91
29 41 18 2 74 79 49 50 51 30 32 87 16 85 60 91 22 79 10 26 69 63 99 51 34 57 39 98 2 36 23 63 26 26 54 4 26 46 13 40 23 61 89 55 15 23 70 77 24 3
42 86 0 84 71 63 96 47 54 10 81 47 59 0 56 52 88 97 10 49 19 79 99 66 33 34 74 52 10 48 15 16 48 54 89 27 60 85 29 30 69 79 88 49 14 94 8 77 72 55
21 65 59 91 16 87 13 92 16 23 48 79 7 40 55 36 36 77 95 4 99 9 53 18 78 59 87 22 78 54 49 24 52 97 57 85 85 31 21 25 23 43 2 34 0 21 56 24 11 53
46 99 24 75 84 5 44 35 88 16 11 57 96 11 69 25 7 69 13 1 72 93 67 28 9 50 38 34 0 24 30 51 21 70 12 49 74 92 85 18 74 28 85 33 90 69 73 10 15 32
82 85 1 95 51 63 46 74 45 61 98 54 0 7 72 5 59 22 81 11 80 9 11 66 13 60 10 72 44 86 49 3 42 27 4 68 55 94 36 3 7 47 89 64 79 98 83 11 64 68
78 29 39 1 31 34 41 41 57 50 11 70 92 68 40 38 55 72 13 7 66 70 70 98 72 26 21 39 65 76 75 94 73 72 94 43 29 83 34 33 28 30 3 55 20 61 7 44 47 11
95 18 69 13 86 33 45 64 97 81 92 93 55 12 66 72 7 13 53 73 8 46 11 51 68 89 64 7 56 2 57 52 5 93 73 58 32 37 51 51 46 44 74 44 71 77 44 18 85 93
32 29 76 7 7 67 76 44 24 28 0 33 48 78 39 65 24 22 76 78 35 98 98 41 28 35 51 48 20 87 36 86 36 67 10 34 97 91 19 25 79 61 30 13 0 91 1 9 3 69
39 19 87 49 9 24 61 4 8 47 10 43 68 75 0 16 3 23 20 74 26 77 9 21 98 14 84 59 94 84 44 80 20 45 45 44 11 20 80 49 65 83 83 8 78 30 14 15 65 77
91 79 36 82 68 51 50 16 70 55 49 15 54 37 71 18 2 46 93 17 56 51 54 51 72 75 94 94 36 48 30 95 64 77 52 88 44 38 20 77 97 95 75 79 11 79 74 73 38 5
98 29 45 67 11 44 24 48 79 83 92 81 98 89 17 23 76 5 36 3 64 64 14 53 64 4 54 42 3 64 31 74 81 99 76 48 74 21 44 87 50 68 98 58 75 30 91 21 25 69
5 24 33 33 93 68 72 36 50 30 78 78 74 19 88 13 77 81 11 93 75 1 49 46 30 78 88 1 23 80 65 71 92 82 43 60 51 76 71 7 98 55 66 51 27 16 87 35 68 67
97 76 81 85 66 53 81 20 64 91 43 38 28 89 10 45 77 21 8 73 32 81 94 19 46 56 12 50 30 33 77 15 31 92 51 74 4 31 53 39 56 21 39 61 30 60 21 74 6 28
33 70 43 20 35 71 3 20 2 85 6 91 39 8 69 44 62 76 45 89 41 15 40 44 23 91 33 94 41 10 66 77 15 17 20 63 14 25 39 95 63 19 13 79 66 81 26 59 2 49
96 0 19 44 35 97 48 82 21 77 73 93 3 6 80 74 41 68 0 91 76 74 49 87 21 22 75 35 81 25 6 52 91 14 64 81 97 31 36 65 0 82 91 3 27 87 92 8 40 63
47 90 49 84 87 73 0 18 70 20 18 33 15 81 39 6 16 78 78 39 8 46 86 86 88 70 22 30 21 28 42 1 69 74 12 71 17 87 56 38 77 0 45 37 29 8 36 91 17 55
35 25 53 59 46 55 70 9 30 5 56 37 36 51 75 96 29 41 74 47 33 4 39 14 45 4 78 55 33 43 53 88 76 70 31 0 69 17 43 66 66 36 10 0 54 18 63 2 3 60
60 72 27 23 79 72 47 86 46 95 65 92 67 48 98 11 61 52 15 52 44 96 48 21 19 54 13 57 31 76 24 24 19 45 20 54 22 88 73 89 15 98 90 98 58 94 20 35 62 36
9 1 15 48 83 96 85 86 92 79 79 40 68 91 86 34 85 99 21 2 98 23 1 12 92 16 98 18 30 20 23 7 32 77 70 48 56 40 49 20 8 10 77 63 50 70 62 91 26 63
13 65 68 7 50 80 63 30 62 41 30 74 42 20 93 68 14 71 37 74 24 80 62 49 66 77 69 39 6 69 51 17 23 21 93 60 9 10 20 13 59 31 17 28 89 36 4 95 58 37
19 14 68 23 4 53 78 22 49 83 86 24 77 41 13 19 67 92 95 4 52 65 97 55 83 90 9 25 0 74 14 28 25 10 12 93 73 76 0 48 90 43 20 83 29 3 58 49 37 52
40 58 95 35 47 55 65 1 58 73 1 81 16 31 36 56 61 20 53 2 72 33 77 5 33 40 25 7 5 14 68 45 42 65 5 51 50 53 65 52 82 5 77 93 14 14 8 29 20 79
75 8 28 28 66 41 23 58 0 83 33 19 36 68 20 46 20 51 51 3 17 16 71 87 21 11 84 92 36 77 39 75 66 55 6 36 75 18 80 46 78 30 59 86 23 20 52 1 54 57
43 94 38 46 46 45 55 7 72 20 92 76 62 88 66 48 94 85 53 48 58 31 81 19 94 91 34 98 57 71 75 5 66 35 36 73 73 33 46 40 96 54 45 46 75 64 54 21 43 43
40 6 22 18 71 9 22 51 11 92 42 61 4 68 80 40 35 92 36 15 5 16 12 41 83 53 6 4 7 20 74 69 73 89 15 31 4 63 44 22 15 19 78 94 38 37 98 75 26 49
33 10 23 30 67 82 68 56 23 82 25 84 3 58 92 51 5 89 54 11 79 23 82 70 4 41 47 31 19 0 43 1 78 86 75 30 19 36 85 58 52 19 55 91 64 25 83 78 9 60
38 56 36 63 46 15 2 51 25 83 20 12 64 38 9 88 24 8 0 84 38 7 96 55 14 73 97 27 5 10 89 32 70 31 56 61 5 47 13 6 6 42 89 62 50 24 35 43 99 83
54 77 11 64 25 67 0 53 38 37 31 91 27 16 33 54 25 23 54 12 79 70 5 94 37 13 16 24 48 30 82 82 91 80 68 68 13 58 20 29 62 53 65 4 82 71 8 87 27 77
58 65 11 4 85 83 61 87 55 37 6 55 78 14 20 0 15 88 74 42 10 77 63 92 40 89 42 24 80 45 38 12 45 94 83 7 45 21 83 74 51 50 78 17 22 60 95 10 51 82
14 58 68 52 25 47 83 74 93 29 1 9 81 58 50 96 46 23 26 23 44 59 56 26 19 71 74 73 37 35 90 67 49 94 28 15 41 20 79 97 28 91 86 12 9 1 9 10 20 37
91 29 59 49 8 88 29 34 25 8 87 21 35 71 95 36 83 68 30 18 54 54 55 32 54 78 16 70 83 22 51 38 84 97 15 89 66 99 46 43 40 73 25 39 69 53 72 1 74 70
62 4 95 44 78 62 82 58 54 72 45 27 2 60 85 45 43 49 8 39 32 37 76 66 34 66 79 7 13 95 35 6 86 16 63 40 73 16 49 72 14 53 16 24 5 19 46 15 63 25
15 44 68 64 61 75 49 21 13 43 23 96 17 91 61 22 91 59 85 50 24 48 94 80 18 32 45 56 13 0 11 58 92 11 37 54 85 99 27 27 46 87 35 64 8 69 64 70 79 23
5 64 15 98 97 31 2 80 34 9 18 2 60 98 47 5 15 92 92 2 46 77 24 31 55 8 23 51 25 34 91 86 8 96 56 5 1 82 54 33 11 13 89 1 12 44 65 63 50 23
68 37 48 90 38 50 60 57 41 23 73 29 42 74 25 8 65 81 1 77 91 61 68 98 40 38 63 23 7 20 93 20 5 65 50 83 74 89 84 79 84 89 27 74 87 16 78 90 97 74
96 71 78 50 32 57 42 5 89 36 72 12 2 18 95 17 60 24 77 60 7 53 89 71 67 14 34 66 68 35 74 47 4 40 22 80 14 94 2 1 63 81 79 16 21 90 88 30 54 78
7 98 45 6 84 26 17 8 39 47 50 89 46 56 6 90 96 49 22 9 34 27 34 37 86 52 15 60 78 86 42 8 57 41 66 98 52 1 94 48 3 49 23 75 55 13 97 55 98 21
28 29 9 91 62 25 8 89 32 87 32 53 71 24 33 78 78 98 50 28 57 96 64 12 11 32 20 70 3 44 59 95 37 32 55 60 37 57 17 46 10 67 68 77 61 46 69 79 93 0
30 64 19 50 62 59 61 55 56 0 62 43 54 47 29 37 10 32 65 66 48 9 52 5 34 63 94 31 13 59 41 69 79 58 74 57 75 67 39 1 65 40 2 22 13 70 10 57 3 22
46 67 22 75 72 57 44 13 64 89 27 49 14 67 4 72 57 43 72 21 59 79 55 77 60 80 20 56 99 53 87 61 46 82 65 49 87 96 59 2 49 79 61 9 40 97 37 88 11 2
63 4 91 45 90 41 58 41 46 62 32 18 45 53 62 73 50 22 57 20 74 20 12 2 34 91 22 49 31 82 34 26 40 11 90 54 35 32 54 13 3 27 40 37 61 81 51 95 41 77
39 32 73 98 90 77 20 96 59 93 95 36 36 0 41 51 25 0 31 52 15 52 11 6 87 11 90 93 95 6 86 12 85 44 47 29 42 99 14 11 14 21 82 63 29 4 58 14 97 34
40 36 49 72 53 90 40 36 15 78 97 26 93 31 12 86 97 6 67 3 17 64 41 66 97 90 32 19 63 8 2 26 56 99 67 61 37 73 64 79 75 76 60 60 18 4 58 49 39 80
11 50 34 24 15 61 37 78 16 37 86 92 84 30 75 21 86 1 34 38 75 23 78 70 82 76 15 41 10 2 53 5 46 71 45 7 43 53 4 40 15 34 26 86 12 39 16 44 72 59
70 99 42 20 47 69 67 71 39 41 57 53 29 7 69 65 28 43 52 24 2 55 31 80 32 87 58 0 52 66 35 50 23 59 36 60 10 34 51 5 85 24 71 15 48 41 54 11 47 73
38 87 9 14 78 5 59 87 39 62 80 87 62 93 84 67 0 52 23 50 21 47 27 6 27 1 46 55 90 87 81 55 14 88 38 34 63 32 6 79 93 8 52 59 82 43 63 44 93 80
38 37 63 18 99 2 80 84 48 97 24 47 78 97 2 72 92 89 36 90 10 80 93 61 93 80 93 49 42 76 97 47 19 34 14 53 21 39 62 85 79 82 46 51 71 36 8 42 43 60
90 22 77 34 1 65 23 49 77 33 43 13 29 0 3 36 22 49 0 66 74 62 63 4 49 28 75 83 22 57 66 8 8 65 73 28 45 89 69 64 96 34 17 13 6 88 65 53 78 13
92 81 74 75 80 30 16 71 66 58 36 14 53 60 90 64 73 92 73 26 93 6 84 28 45 16 85 19 8 95 30 29 43 50 74 89 66 35 71 67 55 66 50 15 7 38 83 49 48 31
7 93 64 38 70 81 52 99 76 53 40 17 43 55 80 31 7 38 58 44 4 54 4 90 3 2 84 42 69 27 49 24 36 87 87 14 33 9 13 31 44 63 92 13 59 50 52 82 13 56
1 8 39 86 71 5 17 54 35 21 55 68 74 40 44 9 71 86 61 81 7 9 7 89 11 9 6 80 89 62 27 34 59 65 18 99 5 34 58 45 51 91 15 87 59 67 55 32 17 2
33 86 22 14 4 56 80 68 2 44 34 70 15 54 56 50 2 61 11 53 68 63 73 46 74 64 6 87 44 77 74 78 48 23 46 87 85 32 15 94 10 35 60 70 45 0 9 97 21 66
8 31 31 18 46 4 35 22 30 63 28 89 47 37 9 34 21 23 12 11 86 96 50 54 2 87 5 98 61 77 60 43 56 94 27 68 90 86 17 77 77 79 43 53 62 43 13 0 76 50
49 35 71 95 59 52 36 42 71 30 58 10 20 70 0 55 28 28 58 57 1 41 88 68 59 41 60 66 8 12 18 32 77 37 98 39 99 47 20 56 6 28 78 14 42 77 65 58 51 72
85 12 18 83 80 75 64 15 5 29 37 16 28 48 75 2 11 47 42 65 2 85 36 70 20 79 82 23 70 66 72 75 73 73 48 47 2 60 1 6 23 60 73 48 15 89 68 68 30 56
28 46 76 89 97 97 94 25 50 25 66 70 89 0 51 36 29 13 21 21 50 96 68 30 6 36 54 90 55 75 50 36 69 53 50 57 5 26 37 44 68 68 17 89 92 39 59 80 97 42
66 99 2 62 81 51 62 41 23 86 69 53 95 80 16 9 1 20 91 80 17 39 90 12 50 4 25 2 56 34 8 53 77 65 17 54 53 54 3 18 57 19 79 23 39 94 58 29 32 31
39 12 68 40 48 28 84 86 78 63 80 28 89 73 93 30 70 26 52 51 61 29 44 27 53 89 43 52 71 57 3 10 50 39 51 29 90 74 46 43 15 89 9 70 13 3 61 37 54 52
39 35 5 91 58 55 18 28 70 62 36 6 57 5 23 18 61 76 67 44 62 74 41 17 60 48 67 83 30 29 47 39 48 22 11 50 38 96 70 68 42 31 6 72 34 55 80 75 33 78
28 43 12 12 35 99 55 56 45 35 14 60 56 62 95 80 42 54 64 0 28 56 66 3 65 59 20 19 6 93 98 92 71 65 9 19 66 81 46 69 70 95 63 72 5 81 18 82 37 62
62 69 93 71 15 35 45 44 55 75 91 89 31 75 53 87 2 50 21 88 40 18 3 42 86 47 2 86 10 27 11 91 68 59 46 2 83 82 42 55 53 36 4 17 10 54 25 66 31 53
86 9 5 43 23 56 3 10 78 95 22 65 17 57 23 85 82 17 2 68 28 24 69 49 49 53 41 41 11 83 99 96 89 56 27 54 41 87 49 58 82 27 45 71 92 19 15 2 92 22
83 10 53 46 70 21 41 13 3 38 12 4 82 50 79 12 88 72 43 80 24 45 18 59 99 40 40 11 34 39 16 7 68 11 16 97 91 22 9 43 56 83 70 99 21 9 36 18 51 76
84 42 60 50 1 33 67 71 41 66 63 76 49 22 8 65 13 69 57 61 95 31 47 73 87 47 23 69 9 45 93 42 49 43 20 15 67 74 35 35 32 71 86 60 35 24 39 80 42 56
9 49 25 10 10 50 76 31 56 9 17 75 83 55 19 24 27 2 22 41 96 72 62 72 10 7 10 50 92 95 48 28 77 49 11 6 46 63 50 32 6 85 57 10 40 58 43 99 59 20
73 8 36 78 60 72 84 59 6 77 67 67 24 62 82 82 65 65 93 52 38 28 31 25 23 37 11 56 19 36 12 88 37 73 62 75 54 21 39 32 66 43 29 14 68 46 21 62 55 51
70 59 90 40 5 17 37 67 74 46 24 15 19 65 58 78 66 59 19 38 41 9 43 5 53 33 77 87 90 99 65 0 5 6 47 47 94 60 4 77 75 33 63 64 92 55 13 13 98 44
41 32 91 12 82 61 28 18 66 57 77 12 99 26 39 86 0 86 19 95 81 8 19 30 42 10 74 50 69 30 28 1 84 96 9 87 0 62 63 91 62 46 94 18 60 21 76 8 76 92
74 82 91 15 42 52 75 48 62 48 2 78 52 54 98 83 19 6 35 81 26 84 16 40 19 80 25 25 93 79 69 48 65 79 42 64 78 46 41 49 9 64 95 18 96 21 72 27 40 98
22 46 89 81 61 17 99 99 99 31 33 90 53 51 77 13 96 55 96 22 76 79 30 56 92 89 17 74 13 20 14 64 67 36 80 82 20 12 37 92 46 3 17 51 98 96 8 34 86 26
12 97 99 37 55 57 51 34 80 3 33 47 97 2 36 70 53 25 55 18 32 65 38 41 67 47 21 18 29 59 10 14 39 74 96 34 67 75 45 28 84 31 46 59 87 63 12 51 22 0
86 73 64 80 71 68 48 89 9 43 74 17 8 4 94 64 92 53 40 43 64 7 73 75 18 63 86 29 8 7 81 68 74 90 83 8 52 83 35 24 65 27 39 81 5 44 84 92 3 46
30 30 66 94 11 73 98 16 76 28 20 36 23 47 69 8 10 30 84 9 23 35 39 62 68 25 16 86 7 18 4 32 71 67 59 63 2 94 78 2 35 7 53 44 43 5 85 22 79 77
29 97 22 69 30 95 67 68 14 65 58 75 87 26 26 31 75 10 67 48 49 61 27 13 25 51 19 10 5 73 17 37 84 31 83 53 47 63 80 57 15 30 68 12 99 23 57 85 40 23
59 39 58 0 80 84 55 1 24 73 6 45 83 97 3 16 32 94 6 13 20 65 1 37 98 40 86 62 4 59 54 50 7 95 19 12 75 80 15 60 82 57 76 38 14 29 13 62 90 51
92 2 16 43 60 99 57 13 53 26 16 64 74 27 90 34 37 98 15 27 61 98 1 99 34 31 2 13 42 61 39 22 82 76 60 9 41 4 85 23 47 33 83 92 54 93 6 16 5 83
64 66 13 9 0 3 83 28 21 90 37 53 65 95 62 93 99 46 32 42 37 13 81 87 61 34 31 66 71 82 31 38 71 28 27 57 96 91 39 71 3 87 0 90 39 21 90 76 45 80
18 49 39 15 17 0 4 74 50 42 5 21 35 37 14 31 71 36 36 53 52 95 6 20 56 18 60 12 71 31 52 30 5 68 78 53 31 59 91 96 27 76 26 52 64 90 1 67 9 75
29 0 73 18 8 40 44 20 66 99 58 38 47 91 20 10 1 67 16 62 87 51 41 45 31 63 83 73 90 6 1 7 12 28 38 99 49 38 47 97 18 71 2 82 44 41 83 12 9 8
60 25 87 86 87 57 94 49 29 85 85 21 79 28 64 2 78 77 63 54 31 3 68 94 21 67 39 36 6 29 68 11 54 33 19 81 67 75 53 87 91 8 40 14 43 86 67 96 57 76
60 46 31 43 41 11 47 33 27 19 6 77 49 59 34 46 76 58 13 52 91 30 55 27 33 53 49 72 97 80 47 6 7 58 9 16 7 5 9 44 81 11 70 45 2 44 54 34 24 10
44 76 46 54 17 74 14 18 9 53 53 35 97 53 71 6 50 22 57 55 11 92 59 76 93 44 82 62 84 71 46 69 37 66 77 40 39 86 62 92 84 68 94 26 58 61 47 74 20 2
65 40 87 58 1 0 67 56 45 73 71 11 61 77 68 66 93 47 7 53 24 78 22 6 1 38 78 20 30 34 34 87 23 60 40 24 58 45 77 53 72 19 2 94 99 86 88 26 41 75
67 10 99 82 60 97 79 96 46 18 89 21 81 2 56 68 97 12 4 70 0 29 54 26 36 14 14 93 10 72 69 4 38 88 80 31 85 16 55 15 42 85 32 67 49 69 58 82 33 52
95 54 6 37 10 33 19 1 8 80 47 26 85 49 51 67 19 50 0 91 27 28 13 8 6 42 54 88 52 58 52 3 7 92 75 15 59 39 31 38 64 87 26 73 42 28 59 9 41 18
1 18 73 98 61 56 49 11 73 31 30 87 90 62 63 90 5 39 65 79 80 61 2 48 60 67 73 60 59 39 27 52 0 54 38 41 45 38 12 46 1 98 68 31 95 29 45 97 34 64
10 99 72 51 41 7 59 52 60 83 79 4 58 14 35 72 55 80 11 44 54 43 95 14 70 2 10 69 84 11 52 93 76 51 9 7 92 33 51 91 58 66 95 67 37 84 2 3 96 23
72 61 20 25 16 11 1 72 4 78 18 81 82 96 40 74 63 14 43 14 66 86 66 86 68 20 65 53 65 51 79 54 6 41 87 54 20 22 98 34 95 76 92 74 73 52 75 33 28 16
16 18 36 5 30 26 9 18 87 90 59 79 23 0 1 76 83 65 11 74 42 50 87 10 9 41 20 41 75 38 88 94 2 41 88 47 66 23 64 26 60 54 72 50 23 95 54 91 54 98
