2 24 85 28 10 18 41 76 33 4 42 1 1 41 50 24 77 62 57 15 1 26 80 64 23 78 62 76 23 0 58 51 78 87 44 83 29 57 89 25 42 99 50 8 95 58 16 71 58 27
32 9 42 98 46 25 62 99 53 10 1 23 65 17 93 16 44 5 10 9 79 89 42 89 28 87 69 2 29 4 99 50 49 70 18 41 13 3 1 37 1 55 12 67 79 71 3 59 70 30
29 42 84 68 39 62 25 51 30 72 31 82 53 20 49 41 68 60 84 28 30 57 22 23 53 49 26 96 64 15 11 74 0 26 60 69 27 27 43 26 25 27 21 48 31 23 22 4 50 91
99 19 87 34 76 84 73 42 32 33 10 61 12 47 74 94 51 38 26 53 73 5 21 41 11 62 6 41 49 86 32 3 78 9 4 9 10 85 34 84 25 3 41 29 60 31 81 50 53 49
15 30 43 27 69 19 25 55 62 89 44 73 19 94 85 11 12 26 4 52 14 25 28 78 15 54 86 74 61 97 71 14 73 33 31 82 53 28 81 98 8 97 56 38 82 69 51 51 5 27
64 83 5 40 24 90 72 43 87 95 83 16 26 88 1 4 97 11 23 94 74 65 22 63 91 26 70 63 68 65 90 7 68 16 27 95 61 12 35 77 57 54 46 93 77 51 12 76 8 75
45 37 66 63 87 89 15 55 33 41 34 50 98 51 43 84 31 11 68 52 23 66 21 58 67 40 34 28 10 73 32 66 94 3 26 25 94 84 95 15 70 71 81 59 69 36 79 45 41 37
61 63 94 68 2 17 30 65 86 32 69 88 52 80 45 81 77 57 95 89 12 68 18 97 61 27 89 34 91 8 58 82 13 28 35 16 40 75 42 37 14 72 36 84 53 24 2 51 37 44
58 27 48 0 72 21 7 60 94 35 83 30 50 69 25 64 91 66 96 18 60 35 39 98 96 45 44 24 63 33 6 38 50 45 65 68 96 5 93 21 69 37 91 26 84 58 7 71 68 49
37 17 24 91 42 12 18 98 83 15 31 53 72 55 65 82 31 41 20 45 7 70 45 92 17 79 89 25 90 40 52 54 21 60 79 47 25 61 55 90 47 18 52 98 6 68 87 38 7 68
75 2 57 44 50 24 54 92 44 96 19 3 97 65 39 56 50 66 60 99 74 10 98 44 66 6 93 10 5 54 3 24 63 2 86 54 71 91 67 70 16 37 51 82 72 43 3 54 31 39
50 61 97 43 24 52 84 44 61 47 24 18 47 99 53 93 98 17 46 45 98 27 57 42 63 82 34 80 53 99 50 31 62 51 23 66 28 56 45 0 30 42 40 18 38 61 71 59 45 20
32 48 16 43 77 73 50 12 97 98 70 81 99 3 44 91 41 60 37 30 38 87 22 87 32 22 4 54 32 39 28 79 90 42 81 41 99 83 14 8 90 65 94 56 81 49 91 96 38 47
0 23 12 94 69 62 84 59 70 8 58 72 39 96 76 77 99 76 23 32 41 51 71 64 51 48 71 72 57 2 17 47 99 20 26 56 0 34 62 27 55 21 33 37 35 10 78 64 6 85
48 37 41 19 50 21 59 77 40 74 4 45 5 9 80 75 85 10 47 54 18 68 20 47 6 76 64 31 76 70 49 68 65 71 68 74 11 85 0 22 38 44 92 12 16 13 15 20 2 28
47 27 86 55 13 14 54 48 29 48 73 18 71 53 10 29 67 66 46 26 68 58 50 94 13 33 55 4 51 58 42 36 45 47 89 52 37 59 80 47 24 28 18 61 92 16 79 57 48 45
50 42 74 93 7 35 38 37 45 18 3 92 76 31 97 42 62 21 72 67 44 82 70 79 76 78 22 91 24 99 68 47 7 37 21 87 35 68 96 16 91 88 36 42 88 99 89 21 29 27
20 65 95 30 42 23 82 88 98 66 27 16 55 47 77 31 9 78 43 65 8 0 47 27 90 91 8 73 18 30 1 6 66 67 49 83 82 56 9 50 49 56 79 89 23 63 17 25 42 85
98 79 48 34 46 68 17 77 85 95 11 88 48 73 9 42 12 65 73 7 78 8 75 0 46 91 30 85 30 39 30 85 20 14 87 93 7 11 50 1 4 48 4 57 53 10 48 51 47 39
54 52 16 60 45 70 48 32 60 0 35 8 83 86 63 86 28 15 53 57 8 50 85 19 29 80 86 47 52 92 94 3 73 24 90 37 77 92 38 28 96 3 64 34 49 90 74 12 8 26
60 92 7 93 85 98 60 61 76 25 84 90 69 94 82 12 75 88 67 79 66 70 34 1 51 26 78 28 52 25 45 10 48 34 9 72 66 8 10 2 71 81 23 83 47 30 3 89 61 3
27 55 73 94 89 96 11 12 91 69 91 66 86 76 60 79 72 78 15 23 1 41 19 31 8 64 69 36 74 14 96 52 91 36 30 90 59 51 29 6 31 7 15 74 67 4 2 52 19 89
34 75 27 54 16 59 70 52 39 95 33 61 49 41 99 90 71 29 14 96 15 50 42 23 36 85 76 54 49 62 4 74 68 81 5 90 69 5 17 85 62 9 62 49 33 98 81 33 8 10
58 26 29 76 12 82 96 8 5 20 66 60 81 62 4 10 96 46 45 76 80 90 51 19 10 26 40 46 60 40 52 70 42 34 23 71 4 36 74 3 98 64 94 33 72 24 59 81 28 26
63 47 37 0 29 75 32 57 88 45 29 40 71 58 44 13 57 94 38 27 12 37 47 31 17 90 53 14 11 82 95 95 79 42 29 34 56 22 56 66 15 50 73 15 97 97 36 16 59 74
72 57 49 40 39 25 63 95 99 39 9 21 80 99 91 39 9 96 44 63 86 18 36 80 36 27 82 72 94 79 47 9 59 96 83 76 38 62 27 78 49 56 33 16 59 93 41 95 15 49
59 98 76 41 75 46 0 13 70 80 15 61 66 85 31 89 11 8 55 5 72 34 96 33 10 98 54 91 56 87 54 69 68 84 77 5 66 43 33 97 37 4 21 61 68 71 41 5 35 19
64 73 19 54 64 86 60 25 31 28 47 54 66 45 80 46 58 18 57 20 76 28 49 13 30 58 38 72 68 69 15 39 57 79 90 0 36 23 87 0 75 91 44 60 24 48 76 27 13 16
49 97 85 38 65 62 64 47 74 25 37 36 43 22 83 33 31 13 25 94 21 44 64 36 34 92 35 45 94 7 82 71 0 27 1 47 94 24 79 84 15 79 61 73 73 34 85 39 1 80
9 21 62 69 50 36 4 70 71 75 1 18 40 29 80 18 62 25 77 1 66 54 34 32 31 95 8 36 25 64 95 21 68 98 18 68 98 60 42 16 10 44 8 98 92 12 63 53 22 6
1 59 17 58 72 12 20 94 73 30 39 37 70 58 5 16 49 44 52 85 62 11 90 89 82 85 16 68 76 89 70 21 87 9 76 22 38 77 82 87 94 3 58 27 25 74 23 55 30 47
49 87 41 50 21 3 0 29 61 78 11 32 56 42 47 4 40 9 0 56 85 57 10 58 13 86 28 35 1 48 57 29 27 72 73 53 88 40 31 28 60 80 83 34 57 24 3 91 8 38
70 4 67 60 13 82 23 8 26 47 14 9 79 39 49 97 75 18 56 68 54 29 39 31 36 62 45 98 69 28 12 93 35 34 2 79 13 38 95 92 45 48 67 73 49 88 26 80 16 60
4 37 29 8 78 34 26 6 99 88 91 59 74 23 18 29 74 56 94 39 7 51 50 79 8 3 49 3 90 17 79 50 12 27 76 39 46 37 32 45 56 32 62 26 1 64 88 47 64 59
81 41 63 76 53 21 96 79 56 97 9 4 27 63 40 11 95 50 56 60 16 2 78 49 73 1 64 96 77 3 18 32 28 5 77 22 98 12 75 62 38 36 20 83 37 17 97 81 19 65
23 42 68 6 65 23 69 2 67 40 4 36 47 18 59 83 85 65 16 51 30 27 27 81 57 69 93 93 40 90 59 64 0 26 9 94 13 45 62 32 45 58 74 64 57 26 70 4 82 70
17 87 12 51 71 24 10 88 73 38 83 57 79 36 47 23 34 74 36 97 88 90 44 28 68 35 55 18 58 83 30 78 92 41 25 72 31 68 25 72 1 77 65 16 9 45 67 54 41 66
73 16 34 90 85 56 0 57 39 20 36 94 39 99 60 40 71 40 88 26 32 7 10 18 44 90 91 63 52 45 24 43 70 94 12 55 21 97 59 24 57 41 21 16 20 0 1 60 13 15
65 10 74 83 94 21 37 41 36 60 67 20 37 8 17 12 30 40 65 60 52 45 88 15 82 98 70 0 47 18 65 7 11 68 93 12 23 20 96 25 45 28 47 88 29 13 10 17 25 28
22 56 6 38 61 88 8 26 36 13 88 36 80 74 26 2 66 5 11 36 44 23 29 32 62 53 83 44 60 96 76 88 14 40 98 45 17 56 49 13 78 95 32 1 24 42 24 11 64 94
36 81 32 31 62 16 93 85 35 51 58 71 42 40 88 50 78 25 67 99 34 31 17 45 60 7 31 14 83 1 62 23 93 53 31 14 54 45 32 74 94 56 85 76 4 62 86 85 44 30
22 29 92 64 67 7 34 79 63 44 59 38 55 57 16 60 12 37 60 65 81 12 60 71 59 53 77 78 89 43 22 21 2 23 81 49 52 1 51 54 22 16 17 62 96 61 32 28 89 58
9 47 99 21 14 9 12 56 41 44 53 77 73 50 80 54 74 91 36 16 96 42 27 60 21 66 49 13 31 9 47 30 42 45 75 49 42 95 86 49 8 1 51 56 32 78 85 31 35 66
59 74 95 38 27 95 97 49 63 11 53 79 93 18 18 62 90 95 13 33 42 88 22 74 51 71 81 89 64 32 99 93 87 86 17 97 29 35 36 31 51 21 15 23 24 8 5 73 30 40
87 2 39 82 4 7 49 83 8 46 47 96 37 86 15 85 61 85 85 88 84 39 16 69 45 1 29 37 82 90 14 74 10 62 6 75 30 81 82 53 46 89 16 19 79 95 46 55 96 83
75 44 81 73 55 45 88 71 8 36 17 0 42 82 82 89 35 13 8 8 84 21 37 10 58 17 78 34 43 62 41 22 59 13 12 77 86 29 35 63 13 37 45 20 38 65 62 33 35 70
68 3 83 10 65 59 16 92 92 49 53 60 26 51 73 11 28 18 25 39 58 83 15 41 90 63 73 4 7 68 39 14 77 38 76 24 78 26 65 70 76 55 82 32 5 39 84 17 88 83
84 96 81 55 89 29 31 42 1 94 27 12 64 83 50 24 38 75 77 87 81 50 67 24 91 25 6 31 39 64 8 98 3 33 56 71 58 30 95 98 66 38 69 87 41 68 97 81 60 29
5 57 22 39 12 22 11 14 6 25 91 94 15 12 95 78 86 77 21 5 31 19 6 85 52 81 15 11 85 71 2 53 11 19 71 18 29 31 52 0 49 14 22 96 19 83 17 68 49 39
70 14 55 40 50 91 14 21 81 9 72 18 52 74 0 80 44 68 74 62 7 63 97 12 70 94 15 31 69 69 93 93 15 95 88 86 47 82 74 99 87 20 70 93 85 53 84 14 63 30
52 44 50 43 15 49 27 99 69 89 4 94 51 53 10 37 34 19 58 48 44 39 86 19 33 85 78 14 3 22 93 99 55 0 24 5 42 95 44 22 82 21 17 91 76 54 78 5 57 13
75 64 0 82 47 86 59 44 9 85 7 85 62 21 74 77 53 45 62 44 50 16 74 85 76 27 70 96 85 6 61 96 99 36 65 61 4 99 50 35 9 11 37 24 49 89 98 30 42 49
24 64 69 70 22 31 86 94 86 53 77 47 36 98 16 57 45 4 1 10 5 0 18 44 74 3 69 76 68 32 35 79 68 59 35 19 69 4 92 70 68 17 14 63 56 89 32 87 95 1
80 71 14 22 10 74 41 10 94 69 3 54 46 63 12 40 89 30 73 18 10 90 11 25 28 66 17 67 27 80 69 30 49 24 21 80 94 76 14 44 22 73 29 24 58 66 85 88 72 83
93 6 72 90 77 67 9 60 84 27 34 46 86 64 75 17 70 85 79 37 87 1 33 90 48 28 42 13 67 71 39 12 51 78 31 79 2 35 27 77 26 3 55 64 15 13 16 71 29 36
62 59 8 21 20 84 88 75 69 83 88 79 6 60 6 33 52 86 75 95 7 60 59 0 30 94 78 81 45 52 47 45 26 71 40 32 14 25 31 29 19 74 44 79 37 88 30 46 91 64
55 20 97 73 7 31 4 1 95 19 43 99 66 50 68 19 90 16 73 59 87 0 10 71 43 5 91 66 78 29 79 18 93 21 69 35 29 36 91 25 59 58 94 58 6 63 23 66 63 92
69 79 75 99 11 57 61 78 84 80 20 29 21 58 88 30 64 30 19 77 29 71 15 21 13 34 8 5 70 49 69 65 71 13 38 45 34 25 52 40 44 84 48 19 92 1 99 95 17 83
49 81 57 4 18 53 3 1 42 35 79 6 63 39 77 41 42 15 27 73 57 45 44 28 13 7 97 77 36 57 50 28 27 49 93 73 29 68 93 99 4 80 16 97 78 63 22 11 77 68
41 54 3 26 23 11 23 83 36 2 23 13 12 99 32 9 34 96 4 50 12 8 41 6 93 56 44 26 65 62 62 22 86 24 46 18 41 48 33 6 32 48 83 40 81 61 56 8 73 24
5 84 28 94 9 5 80 41 50 17 44 10 70 39 41 15 73 27 26 29 47 91 68 68 9 26 9 68 20 59 0 72 26 9 20 64 30 9 4 36 58 60 51 77 79 43 41 79 38 28
46 46 7 16 87 40 16 59 77 3 72 1 33 41 1 55 12 6 68 73 64 96 76 18 49 18 89 20 62 10 61 92 72 58 88 24 34 50 6 80 56 40 24 21 63 11 1 23 94 61
17 97 84 61 12 74 62 44 18 1 72 74 55 15 31 99 99 76 22 62 79 97 50 12 83 85 85 85 27 30 49 50 1 4 79 13 43 97 66 35 96 25 74 8 16 55 5 47 88 58
41 25 66 41 35 22 64 37 21 89 9 81 33 70 14 22 9 47 17 5 55 18 85 67 80 54 90 83 12 54 22 70 12 39 19 22 21 37 42 15 62 41 51 34 1 52 75 44 19 11
75 43 15 74 5 50 56 2 1 78 2 67 73 36 97 51 55 67 63 92 23 34 13 21 98 64 3 57 77 33 43 28 81 28 32 37 87 16 15 12 89 1 87 0 57 70 19 15 77 17
71 66 11 85 77 76 29 58 86 22 4 71 38 8 73 60 62 63 81 97 72 96 49 25 94 2 24 4 18 85 26 52 57 90 90 64 7 86 73 20 93 77 31 68 30 53 93 25 2 66
34 96 1 41 8 41 42 10 71 33 60 20 13 13 75 55 11 3 53 96 59 54 95 60 82 24 0 15 60 50 11 43 60 95 7 56 84 24 85 98 57 73 61 24 16 94 72 30 69 0
77 88 83 25 96 50 31 2 82 29 41 73 15 93 25 51 98 21 30 34 32 71 88 20 46 10 28 73 93 14 19 74 53 23 48 34 84 33 57 79 40 10 12 0 10 24 97 3 25 6
95 49 24 90 69 8 11 33 97 77 40 63 39 83 57 86 87 28 77 89 98 40 27 68 53 27 26 40 11 34 49 86 49 43 98 60 61 28 37 78 39 55 22 64 35 46 99 22 83 17
12 86 83 39 56 53 84 85 84 17 3 59 97 65 34 79 61 29 37 1 56 2 55 68 27 99 92 47 42 64 67 41 65 48 84 5 10 32 60 50 86 12 63 16 41 58 58 60 69 73
40 56 32 95 88 78 11 2 20 48 59 41 28 38 20 82 15 36 16 84 87 84 76 93 55 11 49 42 86 17 28 52 90 76 9 18 83 77 95 21 98 25 21 24 14 13 88 64 99 52
86 67 39 18 30 76 62 18 7 89 44 80 63 75 20 8 11 26 64 40 98 70 20 96 29 18 93 80 60 51 5 87 48 53 97 55 32 63 57 30 51 57 67 87 43 77 13 88 28 78
30 18 3 3 63 28 69 41 86 51 67 48 64 94 21 98 18 80 42 48 7 6 65 90 62 10 51 70 80 8 73 98 91 6 24 74 53 90 21 82 20 21 2 50 6 88 82 65 17 6
40 15 24 74 72 30 47 29 42 83 79 76 50 26 0 72 53 92 87 58 60 73 21 36 64 11 43 18 91 35 75 41 83 54 52 72 36 57 31 55 64 47 15 24 34 79 6 59 46 48
79 84 36 7 78 13 76 13 41 86 76 67 98 85 72 56 4 31 16 58 93 58 10 21 56 81 3 84 73 93 1 18 26 8 79 97 26 78 22 85 68 13 54 17 28 61 96 72 20 33
59 32 83 89 16 81 67 23 91 76 18 49 27 38 53 65 1 83 58 70 71 24 13 78 3 3 53 54 86 3 65 73 80 85 94 88 16 17 31 14 22 32 81 96 34 42 36 75 87 32
23 60 42 31 53 83 30 21 82 89 65 99 69 52 88 57 86 21 34 74 80 93 45 20 22 8 88 30 69 5 40 2 0 52 76 90 62 63 21 71 65 1 0 44 72 27 48 31 60 89
74 68 31 86 11 93 95 37 38 9 20 74 6 24 56 59 26 40 27 44 3 94 29 58 26 79 16 43 4 29 47 33 59 22 47 78 69 34 6 81 73 15 17 17 33 48 86 13 66 55
7 4 59 17 27 85 16 14 78 17 72 64 91 29 95 45 95 66 19 33 17 20 17 76 56 96 26 68 51 8 86 30 54 0 13 15 95 29 88 77 20 74 42 89 46 54 3 94 82 68
11 32 49 81 33 14 48 70 48 73 46 50 20 38 34 78 56 85 25 96 55 55 5 19 55 73 0 32 71 84 5 22 10 14 4 66 59 2 85 5 35 88 84 87 69 43 98 62 83 31
96 14 33 28 57 84 98 55 42 56 81 8 45 10 49 75 31 16 75 29 85 83 24 79 32 53 95 74 91 23 76 62 13 61 26 6 81 70 43 45 13 30 17 87 59 62 33 40 90 85
76 93 1 28 21 69 13 10 7 71 95 11 6 23 55 13 44 53 70 67 42 23 35 80 4 20 16 74 84 55 10 1 52 28 82 97 49 87 35 74 42 23 3 36 44 66 72 51 25 28
32 15 33 49 46 39 19 73 27 65 74 60 41 29 2 0 2 25 37 97 26 32 69 89 26 21 27 23 62 80 65 49 24 73 39 5 56 37 78 81 38 32 63 75 61 20 41 99 56 31
75 4 10 1 94 7 30 70 97 21 85 79 59 34 54 69 97 2 43 16 87 81 48 79 3 55 2 93 6 0 72 37 17 75 54 73 0 90 20 47 90 99 58 89 19 47 89 89 61 56
10 84 85 30 90 24 5 12 55 21 9 89 45 71 54 0 85 37 46 67 95 8 57 80 52 49 70 80 8 94 89 97 20 8 82 63 21 84 59 61 45 58 18 14 14 93 48 76 51 68
34 26 79 51 62 93 4 23 86 98 24 46 22 40 68 78 72 57 17 9 52 77 3 83 9 67 22 58 33 90 26 1 73 17 2 83 97 33 72 21 10 3 42 43 8 56 55 97 37 86
94 94 22 35 35 44 79 12 10 37 60 11 50 87 25 37 15 21 97 59 81 99 55 19 65 83 95 43 76 64 99 36 1 9 83 72 84 78 6 62 9 48 35 0 58 47 13 77 58 27
5 19 95 58 60 86 68 21 99 93 27 10 79 54 70 69 16 30 43 77 90 17 59 46 46 68 61 42 79 48 74 47 55 45 88 87 25 90 1 76 58 97 71 51 56 73 77 79 42 58
98 39 84 34 23 90 73 74 22 89 80 95 19 44 14 3 56 36 57 21 49 59 19 71 80 69 40 21 43 80 26 69 20 17 98 62 6 43 79 46 99 21 46 99 65 17 5 94 83 41
99 41 17 34 60 52 40 97 84 58 12 32 18 41 23 28 51 90 86 15 53 33 9 29 24 31 10 34 4 43 13 51 80 48 84 67 95 18 32 30 81 5 73 32 60 84 89 46 39 34
36 87 48 26 51 72 64 73 85 86 48 85 96 51 96 15 91 47 46 85 74 85 16 72 27 57 72 35 77 94 40 29 63 47 75 71 18 26 80 78 91 4 81 72 89 86 97 82 5 46
61 19 89 4 28 21 88 88 21 31 58 28 17 42 12 31 0 38 91 68 71 37 48 7 99 44 81 30 44 78 85 26 18 43 5 97 19 4 85 96 67 86 83 33 72 88 98 80 33 74
86 81 80 85 43 57 17 30 50 3 25 91 8 56 85 33 26 62 62 76 32 19 11 53 84 74 68 4 76 68 99 22 78 36 53 57 70 61 7 66 42 74 37 55 90 77 63 10 50 22
11 12 23 16 20 87 23 46 23 52 86 60 76 63 79 62 3 63 30 78 36 6 45 15 48 43 29 44 16 58 72 70 4 7 40 82 72 30 84 18 74 25 44 99 47 64 55 2 79 30
15 23 2 81 73 82 90 14 77 72 37 12 77 60 88 17 8 50 47 53 23 73 95 6 56 54 39 90 85 7 61 50 54 39 83 95 73 63 20 93 11 77 40 74 53 20 23 28 13 11
8 36 63 51 71 96 22 24 12 70 97 16 1 10 64 76 22 11 9 6 2 86 82 12 69 15 91 65 82 68 11 71 85 99 20 25 70 49 8 91 81 84 93 0 23 62 32 32 93 39
21 79 50 51 56 96 5 92 45 77 92 35 82 18 78 93 54 16 21 97 7 7 4 63 17 87 15 63 11 78 74 31 91 79 67 89 96 91 75 8 2 29 15 86 40 13 62 65 21 59
83 19 64 32 1 83 30 70 10 88 39 94 20 86 1 81 67 42 28 99 98 16 29 39 73 98 3 76 21 78 11 96 5 48 49 71 28 45 89 46 85 75 31 24 4 70 53 74 31 68
3 60 49 25 88 34 59 83 52 79 7 39 15 27 35 11 0 98 34 43 42 18 98 56 77 63 23 91 92 51 97 4 76 66 68 52 82 1 79 94 67 25 3 88 39 76 43 79 19 10
75 30 75 22 13 78 56 63 14 59 87 15 92 47 0 65 91 3 0 77 56 10 37 27 25 71 21 25 84 68 19 3 51 39 10 95 86 35 48 75 97 95 37 53 98 17 26 44 80 55
