56 31 37 41 53 89 28 66 59 95 12 97 55 71 50 20 10 11 78 75 4 39 17 41 47 94 16 71 70 97 25 96 17 8 62 57 43 7 10 77 24 50 20 84 13 38 25 58 70 51
20 16 16 50 63 12 80 42 71 58 55 77 52 1 90 52 61 32 36 51 89 34 25 8 28 0 30 15 11 10 30 12 19 49 4 97 81 52 6 40 80 6 37 52 87 46 37 77 52 72
98 38 45 12 33 86 87 55 37 44 43 26 49 20 17 45 17 20 86 37 53 99 67 77 27 66 59 15 77 65 40 45 25 51 84 97 67 9 31 20 93 67 95 1 11 33 42 49 29 47
5 23 84 76 68 40 96 68 13 41 50 26 42 49 64 51 82 18 87 56 13 27 39 36 50 93 35 45 35 75 51 36 75 36 60 47 74 52 57 65 15 47 30 73 28 62 53 54 0 65
31 74 35 94 78 18 59 47 9 13 33 86 10 82 95 66 68 27 12 58 50 22 55 78 82 75 1 80 55 29 30 51 31 70 18 98 85 37 87 61 73 26 42 59 74 25 95 4 19 94
69 25 75 89 37 94 18 89 18 7 75 81 29 65 85 69 11 9 29 74 58 17 15 38 48 55 82 30 54 13 29 26 35 90 50 75 52 75 53 30 9 58 51 21 69 87 21 19 68 2
45 42 23 11 17 27 53 33 97 21 66 77 97 60 75 60 12 27 90 52 61 20 35 96 38 43 0 71 19 73 87 73 85 89 13 50 1 6 24 96 81 69 41 57 60 57 9 93 7 99
11 3 88 73 86 63 23 5 61 20 40 35 72 50 73 26 10 27 91 0 60 52 71 1 0 99 74 27 8 32 76 12 40 92 73 23 76 70 44 77 47 23 31 38 96 36 42 95 7 99
51 90 92 9 85 93 47 40 64 12 0 73 78 69 9 77 64 31 67 72 45 53 56 11 48 51 47 57 61 14 18 78 77 12 10 51 68 23 2 95 37 78 51 65 51 56 43 95 22 86
36 68 63 2 78 42 25 20 68 99 29 31 87 36 55 60 35 69 74 63 67 84 16 99 53 58 33 56 30 71 51 91 14 30 76 37 40 85 53 30 33 1 14 61 33 61 44 84 61 10
62 2 40 81 62 19 33 82 75 21 34 85 80 39 45 21 40 37 24 10 21 16 54 97 14 71 22 48 21 49 20 99 5 26 63 60 26 72 2 5 27 16 58 17 23 60 58 26 37 52
10 92 99 52 87 48 45 32 61 6 48 17 39 99 43 54 94 30 94 8 18 56 75 92 92 45 61 3 78 90 46 65 37 38 66 7 84 95 51 54 43 99 99 49 90 26 75 64 17 54
2 27 11 3 51 36 5 63 29 88 35 34 71 53 49 15 47 28 12 60 59 60 38 34 3 88 37 36 50 12 57 96 36 37 36 1 89 58 90 74 96 94 95 90 21 86 94 60 36 73
68 26 74 32 21 80 1 13 61 52 76 39 50 6 25 97 38 29 39 99 0 6 41 52 27 55 43 94 30 11 15 14 31 80 10 81 97 29 10 76 48 3 70 61 30 33 0 69 85 5
22 69 10 85 3 33 2 76 53 47 20 77 87 53 56 76 79 93 57 27 51 58 71 20 3 51 63 59 62 23 11 18 14 10 67 9 29 34 38 80 83 63 99 14 78 35 89 92 99 5
71 1 9 25 42 85 66 79 92 93 11 22 54 30 61 34 15 68 74 63 17 82 17 27 79 86 72 96 20 74 54 52 14 22 51 38 47 59 0 82 55 48 79 11 22 78 82 23 4 92
9 13 89 55 98 72 13 0 53 94 62 12 70 99 81 46 7 5 78 11 53 76 91 50 52 25 80 93 16 86 6 89 82 86 40 92 55 9 64 19 79 39 81 88 74 6 38 56 28 79
5 25 30 26 14 45 32 3 52 56 38 50 83 65 70 45 40 78 39 62 39 16 99 61 47 56 81 78 28 87 41 26 1 55 95 69 82 15 31 67 13 5 14 3 35 67 8 16 29 63
52 30 41 74 14 42 31 92 56 28 42 27 50 16 28 54 34 97 81 62 65 66 47 80 38 84 36 91 28 55 44 31 17 26 95 13 1 41 46 8 42 93 87 8 76 53 68 83 28 44
89 53 83 67 86 46 95 80 51 80 47 98 54 46 66 76 67 62 56 49 52 72 74 12 83 28 55 47 52 99 26 45 20 18 56 50 43 35 14 36 32 42 44 8 9 59 84 84 50 88
72 70 7 19 86 99 50 22 83 72 5 48 46 13 18 64 93 45 54 14 94 45 21 12 73 10 47 85 69 6 73 22 58 81 31 95 29 50 18 23 52 56 12 59 60 1 22 36 54 42
31 50 70 58 2 99 88 2 20 55 48 7 48 83 47 45 11 72 63 14 7 59 59 82 84 78 46 96 63 86 10 66 54 34 64 45 67 64 7 72 30 76 2 87 66 64 2 42 46 54
85 19 95 11 67 66 47 38 34 37 59 48 53 69 7 73 98 2 99 50 34 59 10 4 65 78 66 88 80 20 30 68 36 82 62 72 62 76 34 49 97 75 59 46 21 7 36 26 49 67
10 23 78 50 98 90 3 16 12 93 94 64 38 34 70 17 52 88 56 56 50 76 61 34 80 92 91 11 1 46 28 99 17 65 98 88 68 88 52 79 73 34 54 86 64 16 55 8 67 77
54 27 15 63 26 16 46 86 95 88 30 45 9 10 82 45 97 57 63 18 36 60 22 56 44 13 86 98 93 53 98 88 96 71 64 71 55 33 14 89 98 41 25 62 15 60 99 17 16 50
78 2 63 25 44 72 60 70 71 3 85 56 0 5 10 9 91 96 57 97 21 92 40 68 37 70 97 14 25 90 98 6 83 91 63 26 71 35 81 55 35 25 8 56 84 88 92 2 67 87
11 77 75 78 47 81 38 5 52 10 2 26 97 15 3 25 30 52 37 33 80 39 78 49 20 40 36 60 47 51 60 89 82 80 62 24 3 56 58 29 74 86 35 65 86 86 73 70 17 56
71 59 86 77 37 36 33 44 86 79 88 29 58 14 8 94 28 86 40 70 77 45 54 39 78 32 73 94 78 75 86 71 12 71 24 42 64 27 29 30 1 21 0 99 59 51 25 59 54 90
92 52 90 5 73 86 56 36 5 62 99 67 50 9 94 38 7 98 23 37 64 2 40 78 59 4 69 8 73 94 49 92 58 89 13 19 16 66 81 93 54 51 51 44 24 11 3 67 89 92
46 89 20 84 25 66 67 5 66 68 11 7 3 89 59 22 95 35 19 92 15 63 45 88 86 58 57 11 39 5 62 72 35 62 37 88 52 95 45 31 15 51 76 60 63 1 16 11 14 68
16 62 34 19 1 94 80 2 15 11 9 41 13 86 38 25 67 48 73 81 23 86 83 77 81 34 97 50 12 48 97 99 8 51 85 66 63 24 22 48 89 19 23 98 97 91 66 62 19 50
8 90 29 27 12 67 27 79 15 65 49 66 70 10 72 51 60 8 50 97 47 8 7 67 33 64 84 80 3 99 79 73 57 95 53 65 20 17 26 60 95 54 40 88 78 23 95 22 8 17
40 83 2 6 66 93 88 42 59 11 57 97 76 2 16 76 88 40 30 36 44 48 22 83 36 42 22 74 57 40 96 75 7 38 85 26 85 14 24 91 40 32 22 88 54 14 85 37 91 99
17 42 49 55 2 4 85 52 91 44 89 72 15 4 58 81 12 98 45 66 81 27 57 67 23 29 63 64 25 26 34 24 20 83 55 75 85 25 59 47 12 31 44 56 35 77 14 74 8 86
41 60 34 70 41 83 73 98 24 61 96 61 93 65 96 32 54 93 76 94 8 51 51 6 99 92 95 89 44 41 56 86 20 42 6 45 84 59 56 12 80 17 11 19 95 19 91 62 73 39
35 77 57 18 93 6 29 23 52 63 15 48 51 57 21 3 79 66 26 14 87 59 30 35 87 88 10 47 59 34 64 74 81 82 53 1 8 17 7 35 3 15 19 82 52 49 92 8 67 82
44 97 49 29 70 62 96 42 86 76 59 80 52 27 21 43 63 21 42 79 75 52 34 26 83 9 63 63 17 38 27 80 67 33 88 53 97 42 77 65 72 27 48 30 20 58 52 33 34 90
72 92 2 51 68 7 17 17 71 39 19 40 4 87 74 45 74 65 81 61 43 66 8 64 22 71 51 33 79 75 72 53 28 2 78 86 8 15 26 70 24 20 23 23 29 72 23 0 5 67
75 98 8 25 56 88 80 14 48 43 6 45 85 33 31 78 1 30 70 81 95 66 51 17 0 97 99 74 59 62 14 5 69 48 3 22 20 32 26 79 32 57 76 70 32 40 36 91 71 22
4 18 12 29 68 37 11 58 56 0 56 18 80 9 80 58 66 78 6 67 48 67 66 84 96 59 44 90 65 71 58 38 62 26 27 86 40 31 71 87 11 99 47 14 17 23 68 30 84 21
70 27 42 30 31 33 72 97 52 29 7 59 73 97 1 59 51 66 26 73 1 99 46 19 27 82 11 11 35 91 63 0 17 30 93 82 23 97 8 75 18 85 61 45 62 40 26 83 90 85
47 65 54 23 49 37 9 28 10 44 70 0 67 40 12 20 88 6 28 17 24 24 65 13 36 66 54 63 25 27 37 99 92 71 40 29 49 38 67 41 86 51 55 27 78 47 8 97 77 14
54 58 1 16 70 32 70 11 22 15 33 40 89 73 15 11 81 10 66 87 84 7 7 61 93 43 97 4 99 95 63 39 74 26 90 41 34 25 93 41 80 29 53 52 43 28 33 10 62 31
92 75 41 39 96 27 53 65 33 5 73 32 67 19 52 58 66 26 78 23 8 59 37 33 36 74 42 24 26 32 68 93 24 88 11 42 70 39 45 29 46 92 72 96 11 48 66 70 20 96
18 88 8 98 59 47 33 77 21 31 70 37 33 37 5 92 37 7 1 51 55 40 25 81 93 77 93 90 17 37 19 47 51 69 19 21 61 89 51 83 3 86 99 19 20 26 10 71 97 68
78 63 12 35 32 19 71 91 41 19 89 75 76 10 59 81 49 22 69 87 22 92 57 79 14 81 50 53 52 2 75 60 85 98 12 79 7 17 28 41 53 9 91 42 34 27 26 89 7 94
15 74 57 76 75 33 71 35 49 23 25 13 68 72 86 23 16 99 96 9 60 83 31 40 79 51 28 4 60 35 56 99 99 57 36 2 75 50 67 24 54 73 32 71 44 5 56 34 23 73
11 78 14 68 61 63 33 83 45 34 98 32 70 36 45 16 13 92 40 78 32 49 85 24 5 96 80 13 36 96 91 31 23 11 5 25 74 70 58 4 8 43 18 12 42 3 8 96 59 65
21 69 80 47 35 61 13 94 79 85 35 17 92 34 47 36 83 60 17 9 58 52 1 12 4 76 44 88 91 45 25 95 4 66 29 18 34 99 83 1 51 93 15 8 58 55 19 27 71 31
99 81 34 63 7 35 3 49 40 8 44 3 87 29 39 16 88 99 74 22 81 27 11 61 12 46 87 21 27 26 48 52 7 46 82 99 76 33 71 56 88 25 76 75 96 52 22 70 35 55
17 55 28 44 9 40 27 62 74 27 22 33 78 6 69 45 93 38 1 27 64 2 6 17 43 11 73 66 12 18 33 74 62 28 46 65 75 85 48 55 27 61 89 20 81 12 11 64 23 64
90 56 98 72 68 20 81 67 90 27 51 89 24 46 28 91 97 16 15 39 88 59 31 65 31 3 84 72 32 20 91 16 68 94 27 3 87 32 36 44 71 36 30 10 1 86 24 18 31 31
17 53 92 44 56 3 91 96 30 87 21 5 97 45 33 98 11 41 15 17 10 92 92 30 45 91 77 35 80 59 7 66 89 14 36 69 26 87 83 25 57 17 22 28 58 11 38 97 12 64
28 56 84 53 13 53 59 49 72 90 88 85 94 90 51 71 77 67 63 49 56 0 23 1 17 54 35 4 63 79 5 95 85 11 96 59 45 58 43 63 25 1 31 19 54 45 44 20 76 53
13 64 69 73 86 32 50 5 27 89 6 88 33 72 22 51 44 5 42 99 77 22 40 81 61 94 50 0 72 84 31 59 47 28 31 10 50 34 74 63 17 28 15 79 28 51 93 54 66 11
91 63 4 63 39 25 29 95 6 95 12 9 4 79 62 7 84 58 29 35 18 77 95 20 21 85 98 59 70 13 48 99 73 6 42 13 14 87 7 16 21 59 86 33 56 34 26 11 24 39
20 40 25 0 75 59 13 58 95 20 20 26 92 40 18 57 7 45 5 35 26 87 75 15 43 53 32 9 31 8 69 30 48 16 7 58 82 88 72 30 78 88 43 39 82 49 33 15 76 6
32 16 84 35 86 61 12 21 41 42 21 88 86 83 77 65 35 35 28 77 14 55 85 3 66 60 92 87 42 17 4 2 40 43 93 85 67 3 94 48 57 87 23 88 12 26 11 67 64 40
53 17 79 41 92 54 97 44 88 81 55 94 98 96 99 7 78 42 68 92 34 31 90 6 80 3 60 47 30 79 46 74 85 37 21 20 86 14 10 24 86 92 47 42 22 47 4 69 88 99
42 35 74 73 18 10 77 45 30 20 26 32 7 45 4 15 84 45 85 64 18 60 28 39 98 27 93 74 79 49 70 90 67 10 72 38 12 62 93 43 8 23 24 99 58 26 71 14 2 11
34 47 10 46 82 26 99 86 42 2 24 11 18 12 25 36 33 74 66 46 21 9 30 45 18 35 74 21 15 81 43 14 76 37 95 82 41 70 42 97 80 81 10 21 87 4 56 78 4 70
56 70 58 76 52 62 45 56 54 72 31 13 24 4 87 25 12 21 51 38 7 30 19 39 55 77 9 12 91 42 67 27 61 28 94 72 20 42 53 45 3 11 91 34 58 72 41 99 28 75
91 93 38 11 82 3 19 41 11 40 22 86 74 16 85 27 9 60 13 32 18 35 83 47 92 85 98 99 79 4 1 32 95 61 11 84 12 72 61 72 52 49 64 11 25 6 53 65 36 0
87 6 56 40 91 19 93 50 28 98 16 74 9 12 37 52 24 65 74 34 8 61 1 7 25 10 75 96 56 71 6 6 19 48 22 22 76 64 87 33 61 85 54 24 69 95 8 88 27 76
94 51 74 29 95 99 82 71 66 52 75 36 9 73 44 7 92 60 17 60 5 46 79 37 8 75 13 53 54 35 23 70 72 75 1 85 37 92 13 51 86 99 89 60 55 4 70 7 62 36
29 67 51 35 80 89 23 49 99 9 18 30 73 73 94 58 84 97 24 20 6 60 36 22 3 90 38 38 66 89 5 78 80 65 9 63 48 78 47 56 73 48 48 58 9 11 90 8 19 38
95 0 11 17 22 57 3 93 86 62 24 57 42 93 42 84 37 96 38 51 28 98 86 11 87 24 95 27 87 55 16 31 27 96 26 62 71 44 25 33 91 19 57 79 54 56 62 29 82 88
31 17 2 1 11 37 62 9 35 98 56 44 47 7 8 37 75 75 23 11 17 73 12 11 19 56 99 53 77 29 31 25 55 17 87 54 46 3 66 12 44 79 27 16 32 89 45 61 67 34
35 99 24 50 74 17 13 66 87 39 53 43 10 36 95 66 63 73 7 68 39 39 1 58 52 11 98 22 24 2 93 55 78 94 32 4 3 50 94 35 31 89 44 80 91 16 39 93 76 98
36 45 84 94 67 12 76 61 10 13 18 15 90 52 38 38 0 65 74 21 60 68 29 91 28 63 62 33 16 74 28 37 44 95 77 1 41 3 25 80 27 22 86 57 59 11 3 83 66 80
91 82 93 60 10 67 45 37 16 30 36 29 63 29 36 13 37 53 42 87 60 91 22 10 36 2 95 98 72 30 1 34 36 16 56 65 27 85 9 79 10 69 43 29 17 50 32 45 36 56
16 92 16 12 67 41 12 42 97 54 91 27 68 3 92 18 91 75 33 92 89 2 32 50 47 52 93 22 7 95 37 84 44 21 62 51 50 94 31 76 46 66 22 16 15 63 65 75 72 0
62 86 35 40 43 61 92 75 5 14 39 7 63 25 23 78 50 3 61 47 35 18 45 85 75 46 64 38 28 2 37 77 74 38 95 65 69 91 81 66 50 4 31 84 23 93 7 81 24 65
87 13 10 15 35 6 59 39 69 93 12 5 80 7 29 43 49 19 94 82 82 72 39 68 60 85 40 28 79 69 79 45 25 79 51 6 11 33 89 86 2 19 21 30 36 59 81 12 67 16
15 64 51 46 20 11 85 1 5 7 76 71 87 52 47 3 63 6 19 20 15 13 4 27 62 63 4 0 45 19 65 39 97 46 36 39 48 10 90 72 27 92 90 98 59 73 97 44 63 92
49 18 77 96 22 80 99 71 25 89 61 83 5 31 43 6 99 2 57 53 11 5 46 5 21 36 56 50 19 14 11 81 9 91 79 15 53 77 78 37 66 57 47 85 18 64 16 96 36 30
53 3 27 99 58 16 39 75 96 89 20 42 97 80 14 18 83 99 24 77 8 51 21 22 25 56 49 71 80 27 99 7 97 47 86 2 19 3 80 32 71 25 47 26 69 61 7 80 7 39
91 50 36 95 65 28 79 64 66 17 47 26 63 91 42 32 24 17 46 16 2 83 94 94 92 39 55 43 77 4 74 1 37 17 3 17 58 32 53 34 37 87 25 28 5 41 93 26 59 48
69 84 59 58 1 73 2 34 30 38 30 12 16 48 32 86 20 19 8 84 18 74 49 70 67 21 44 26 72 19 57 95 96 41 8 11 19 81 77 57 38 0 93 54 89 20 54 72 75 94
71 2 72 24 96 34 27 55 56 49 80 95 40 93 40 13 52 11 6 10 88 27 38 44 35 78 80 94 55 78 16 96 40 1 67 36 94 32 47 37 96 60 62 80 97 16 70 56 31 67
29 2 36 6 41 13 48 2 89 76 36 71 21 93 80 30 48 29 72 47 99 19 51 93 24 59 71 52 95 16 67 49 97 42 25 69 10 82 11 17 6 30 8 70 50 32 55 62 78 19
3 70 82 7 65 81 35 97 95 54 0 86 92 89 61 5 0 51 82 56 56 58 49 51 37 91 50 39 27 49 43 60 1 45 95 22 21 0 97 71 69 55 68 43 84 27 68 93 88 85
15 59 79 24 96 67 74 81 13 14 57 3 21 74 77 73 97 48 98 82 99 68 22 66 7 63 88 10 2 15 64 93 67 62 27 35 53 52 26 31 85 73 75 0 57 30 54 19 99 51
86 63 62 85 6 50 97 83 42 48 27 29 29 32 44 58 38 83 32 23 72 77 89 44 97 19 83 20 79 78 85 19 37 73 53 1 14 21 20 45 77 7 25 21 8 23 14 15 75 58
8 7 0 0 98 82 12 37 74 90 24 1 11 14 44 60 92 26 64 19 17 2 69 1 13 38 1 11 74 14 62 29 46 89 55 28 95 83 94 4 88 20 69 95 15 43 79 69 44 11
60 96 90 54 17 30 76 11 34 43 77 99 92 28 2 51 39 68 32 18 1 81 19 40 41 44 14 36 29 7 87 23 75 49 9 79 60 29 97 22 36 81 19 89 79 97 43 45 81 17
47 43 40 25 82 49 33 15 40 13 58 86 1 64 86 23 21 18 46 31 38 92 49 45 79 65 23 79 42 0 95 9 11 84 4 73 70 24 51 55 24 82 69 42 8 28 14 59 41 56
79 57 63 96 76 8 2 41 49 4 65 63 99 2 52 3 18 62 80 18 41 98 98 0 23 13 70 88 50 70 0 1 57 58 58 4 46 90 88 51 66 91 63 30 37 27 36 28 54 49
43 9 77 25 76 0 64 90 13 21 5 97 30 74 51 60 54 11 72 85 70 91 18 29 76 3 9 26 21 4 57 51 12 64 28 62 80 95 97 70 72 87 37 94 12 72 41 51 54 29
88 6 8 71 3 68 74 27 67 84 74 7 40 61 14 45 69 87 37 77 37 79 40 36 93 26 21 41 86 43 71 67 0 90 58 24 11 0 59 76 20 22 41 82 4 31 75 93 16 88
42 94 1 44 51 69 18 14 30 64 67 72 12 83 43 51 67 15 46 59 33 15 81 6 46 42 21 21 43 90 27 63 84 39 83 70 93 19 70 41 3 82 25 62 45 27 90 5 6 61
22 74 10 81 32 52 57 87 52 93 48 12 44 98 60 11 74 84 58 36 39 8 21 56 42 11 46 67 59 40 81 75 7 42 3 18 35 12 5 13 38 89 89 1 5 6 64 30 59 89
76 63 37 20 34 97 25 51 62 86 58 41 78 74 34 14 46 77 68 13 81 4 27 13 79 32 49 23 0 84 71 1 91 2 12 70 87 73 80 88 57 58 18 87 0 82 11 5 90 23
39 33 31 1 36 77 42 13 77 78 15 47 27 56 24 36 84 40 43 61 88 83 40 68 51 33 7 72 18 59 40 39 87 23 89 98 30 49 69 54 33 44 14 51 33 20 76 38 68 6
73 84 46 98 24 57 11 8 98 45 41 78 43 85 87 5 59 1 59 19 15 94 4 3 96 54 82 98 32 67 78 32 12 78 76 59 24 24 66 64 37 29 7 86 82 20 75 85 95 79
87 57 77 69 50 93 87 1 54 54 73 52 13 44 38 73 77 62 72 12 68 62 3 98 13 16 23 57 66 62 19 52 35 29 50 21 84 28 73 40 34 53 77 65 92 13 68 29 70 25
34 39 8 68 81 77 81 17 83 40 34 94 46 36 71 1 43 86 8 46 18 50 31 70 20 74 13 22 11 24 75 68 99 32 45 75 37 48 56 19 27 35 89 11 59 96 94 1 25 72
44 25 94 85 65 76 49 95 73 48 61 86 40 53 82 69 87 90 90 35 35 60 61 37 99 5 1 17 31 17 85 94 53 80 58 35 8 39 0 79 44 61 82 24 42 12 76 94 16 59
33 47 20 46 69 35 51 85 26 55 80 69 18 58 49 15 17 82 0 19 5 72 28 97 19 49 50 45 10 94 64 48 43 39 10 21 64 11 87 84 81 85 17 9 78 44 70 36 9 62
81 25 74 71 59 83 23 59 43 40 28 44 48 35 17 4 22 47 23 37 45 37 44 52 75 89 44 29 43 85 10 44 91 40 3 71 7 46 21 78 46 41 2 76 31 92 26 40 73 67
