39 21 1 40 72 4 58 49 50 23 62 12 16 5 45 28 78 89 90 81 0 77 25 82 62 63 68 32 63 83 75 90 66 77 86 14 12 67 30 29 49 81 68 19 83 30 16 94 68 75
44 1 79 69 74 84 35 45 93 8 75 54 37 65 59 61 30 66 99 86 78 49 94 95 75 99 62 61 79 38 7 54 19 28 68 25 60 42 29 96 56 72 11 84 84 8 83 37 59 61
99 28 82 75 64 58 51 67 22 90 18 16 76 85 81 99 8 42 81 48 0 50 1 31 38 77 0 6 78 13 25 25 85 24 85 15 88 72 22 29 41 65 10 55 79 17 62 95 78 97
47 65 56 88 99 38 28 37 98 76 82 57 74 48 74 43 36 68 93 38 56 24 3 67 46 2 41 1 84 76 26 47 20 67 76 44 24 77 80 99 89 61 92 8 4 97 59 79 62 1
67 30 22 26 72 26 55 83 45 72 45 8 75 22 72 44 92 73 29 53 56 13 42 73 88 90 70 19 6 26 79 5 49 49 45 42 22 10 60 40 65 38 88 51 95 82 6 92 73 42
53 46 4 47 66 73 87 64 1 94 37 16 83 92 25 26 42 42 74 28 35 13 57 98 13 65 2 57 88 59 19 17 81 45 41 16 47 16 97 5 29 3 99 2 83 0 51 19 60 26
64 3 62 1 98 95 7 24 5 1 67 40 27 37 47 72 4 15 44 53 71 11 62 14 38 94 72 75 16 65 52 94 10 69 93 66 17 92 65 40 22 85 7 89 58 36 20 94 98 0
66 64 35 19 31 14 61 8 9 56 50 81 2 20 30 87 19 63 64 81 15 10 51 57 5 68 78 30 2 95 76 17 30 25 27 43 94 10 80 59 54 98 14 50 62 36 12 30 54 0
68 59 85 55 78 67 46 54 82 66 88 53 24 5 63 44 27 26 58 9 11 26 49 57 19 51 12 66 65 94 43 48 21 7 59 4 74 51 61 49 4 43 15 26 23 42 72 0 75 68
99 5 13 23 36 89 43 39 96 75 15 6 88 16 80 16 50 17 24 12 67 64 44 19 82 93 23 23 36 49 83 97 61 94 95 9 17 1 52 76 21 30 56 53 85 35 19 41 4 3
14 75 52 62 84 86 47 33 79 8 76 95 12 92 66 70 98 31 63 46 32 36 89 97 23 86 70 72 7 57 63 64 81 7 29 16 7 35 45 60 32 94 36 3 45 82 64 19 24 93
19 60 16 20 0 19 89 67 17 84 19 89 2 41 18 71 82 28 27 63 43 77 99 46 94 34 59 37 17 71 17 36 73 1 79 11 12 20 58 43 62 2 79 0 87 44 77 32 76 11
45 4 28 20 34 27 45 70 23 68 34 78 52 42 27 39 72 15 29 76 96 8 66 87 40 88 85 57 63 22 4 84 50 10 52 66 3 71 99 32 34 47 17 10 21 7 88 2 52 77
9 21 77 68 17 95 65 63 48 15 63 81 84 38 74 3 22 92 31 31 47 85 83 88 5 90 11 43 87 77 41 71 94 91 56 6 22 38 35 11 55 1 39 48 30 60 45 63 18 5
93 83 88 66 33 80 54 17 43 88 20 80 39 77 65 97 23 12 60 33 27 33 6 18 87 0 72 15 17 80 17 54 72 48 47 35 37 41 21 60 37 64 39 66 7 76 90 27 29 20
18 36 26 49 78 97 98 86 89 59 7 27 43 96 99 31 27 79 58 74 14 3 77 2 37 53 35 14 39 95 54 54 73 40 35 29 62 97 14 52 37 83 54 45 57 50 57 5 19 15
44 82 54 68 32 42 91 77 40 14 11 44 62 11 26 42 51 67 68 64 14 99 74 78 5 54 47 31 84 9 31 44 13 77 45 99 2 56 95 40 78 93 0 9 39 79 59 8 99 13
80 90 52 82 19 53 7 18 44 85 48 51 21 0 9 38 62 47 82 37 28 28 15 38 38 80 58 22 84 56 54 89 28 64 3 2 48 60 97 5 25 18 89 75 20 74 52 48 68 76
84 78 22 13 9 25 60 35 69 93 72 74 12 67 94 55 99 82 93 11 89 48 51 42 46 27 79 1 73 75 17 12 33 62 52 32 77 42 65 22 34 35 14 16 53 37 58 76 71 0
70 26 9 0 15 65 47 56 70 0 11 82 27 76 32 9 39 92 34 76 70 68 78 70 1 9 88 87 76 62 70 78 30 34 81 23 83 6 36 34 32 40 37 41 24 34 46 97 90 64
19 60 28 12 19 28 51 62 31 77 13 85 76 58 86 70 6 62 9 15 44 97 60 33 27 25 64 86 29 18 20 74 91 39 92 86 52 42 86 58 67 64 31 52 27 33 3 8 60 69
95 89 62 9 20 31 49 57 4 34 79 71 67 31 99 50 41 24 92 66 76 89 51 71 42 17 11 86 24 6 29 22 39 52 4 14 73 7 92 11 2 59 19 73 60 74 14 10 32 41
55 1 10 38 98 73 52 45 27 79 6 3 83 5 40 43 40 25 58 69 55 9 16 24 35 24 1 16 64 16 33 57 96 46 32 32 95 36 21 61 18 57 82 34 30 58 14 86 73 82
90 83 24 14 28 91 88 55 41 94 13 91 77 87 3 88 79 69 40 92 89 35 3 99 5 16 22 41 29 54 10 58 0 17 83 10 29 60 63 9 66 6 40 92 84 35 30 36 61 5
9 86 90 62 11 36 98 55 35 29 33 41 18 88 11 82 72 46 26 90 72 69 40 74 15 74 50 42 7 90 14 72 33 64 19 59 31 78 74 34 91 62 28 77 39 83 75 10 65 24
47 83 52 74 61 42 12 87 30 77 1 83 95 39 28 55 39 33 71 36 18 39 21 26 6 66 19 47 93 89 63 6 20 98 69 22 55 56 73 76 79 55 0 79 46 36 72 59 10 51
84 17 77 71 54 77 59 46 40 92 52 93 89 34 5 70 79 85 23 48 20 27 72 12 43 19 6 96 99 41 1 83 68 83 83 9 53 16 64 7 97 69 80 5 11 75 51 88 36 61
53 60 65 43 14 51 28 57 53 81 98 44 3 49 46 42 73 62 62 20 42 0 33 84 90 42 53 31 97 34 16 53 62 14 81 33 78 17 82 4 88 36 69 8 48 28 24 89 72 16
91 51 75 63 57 19 4 28 99 12 8 32 88 60 82 7 45 44 17 80 27 54 73 42 4 17 39 0 54 66 18 24 51 95 90 7 41 44 78 35 1 15 24 25 74 84 59 36 43 59
8 55 10 42 26 78 86 89 28 40 47 9 48 24 9 69 47 62 17 11 29 78 8 78 19 75 78 2 11 47 93 73 90 25 81 99 18 97 90 35 12 13 67 60 46 18 5 8 82 97
69 57 86 80 69 15 56 2 40 93 98 60 6 95 96 2 78 69 42 58 75 76 75 38 11 70 23 90 84 15 60 33 14 28 78 25 56 94 44 85 4 51 50 90 15 81 73 48 24 5
34 77 79 56 55 29 82 68 84 16 36 26 93 87 36 70 48 5 30 93 54 3 97 15 73 52 11 48 93 55 46 27 58 58 60 30 33 20 8 95 49 91 78 21 64 76 44 79 10 82
83 85 80 16 23 4 36 31 37 89 97 44 14 10 59 12 39 45 79 51 46 83 82 22 50 7 18 3 32 95 36 11 12 96 42 77 54 84 60 64 16 85 34 94 33 44 12 43 53 44
36 59 64 48 10 95 24 21 17 88 59 87 91 25 27 35 30 29 2 81 69 47 92 25 60 5 12 41 76 59 39 66 60 19 3 3 6 35 6 25 38 58 13 44 7 32 65 63 41 56
40 20 64 96 84 50 90 42 44 15 2 66 33 75 61 86 87 62 63 44 4 96 14 83 63 31 11 71 76 38 90 64 79 84 71 13 81 28 0 8 13 89 98 9 33 48 91 88 20 97
52 51 18 82 83 53 59 13 18 49 42 3 68 58 46 76 51 50 21 59 94 64 16 9 11 8 68 21 51 67 86 95 65 19 92 1 81 86 31 53 20 79 76 75 85 78 10 42 71 78
45 6 12 19 85 81 34 83 64 40 66 40 48 29 68 11 27 47 70 60 83 10 34 66 7 73 58 45 49 57 47 13 72 73 70 27 47 49 7 40 67 56 23 22 75 8 99 64 39 88
62 89 13 26 61 67 94 42 35 40 48 19 4 2 54 14 12 46 34 33 57 91 77 25 84 19 44 41 82 16 44 95 77 37 85 64 63 72 65 31 31 19 42 91 93 78 41 49 49 64
0 97 36 40 38 56 68 42 74 59 44 44 30 41 73 53 83 76 28 50 25 60 62 38 65 46 12 15 7 4 46 94 18 83 10 27 39 50 23 62 96 86 86 34 95 66 10 74 13 42
86 31 87 60 94 1 70 22 58 75 97 77 55 11 72 9 1 38 49 11 20 71 37 74 79 70 46 51 25 40 19 32 33 86 70 22 95 51 27 18 81 64 59 16 89 36 48 68 50 72
72 28 83 52 2 50 73 54 17 14 77 67 54 82 7 66 42 16 62 13 12 52 90 17 95 70 65 98 22 33 69 51 63 27 24 10 0 31 99 51 0 29 45 79 78 58 1 45 51 87
41 27 46 93 33 4 87 1 99 38 43 60 9 47 82 65 60 88 14 61 33 73 43 93 0 53 60 16 18 70 95 67 30 41 71 6 40 45 53 25 98 90 1 59 44 23 85 57 19 7
7 10 25 16 90 48 58 19 28 11 14 28 69 1 42 68 26 28 52 36 0 55 72 53 4 16 86 75 77 60 24 24 4 18 35 63 1 36 25 1 1 83 75 4 84 80 26 92 67 16
10 17 78 45 9 76 95 47 2 89 26 67 21 58 41 11 91 65 92 22 61 25 38 12 10 3 11 6 8 40 77 45 96 32 82 27 15 3 37 4 81 23 20 15 42 67 91 79 66 95
8 96 15 55 50 83 0 56 19 7 39 19 31 70 53 20 75 37 17 72 24 65 23 43 99 74 39 57 33 15 65 33 33 1 95 94 50 82 39 22 68 73 90 37 50 37 77 21 93 77
44 1 53 37 98 54 95 78 41 17 2 46 34 11 75 60 60 1 56 47 66 25 60 88 36 18 34 48 69 36 25 10 27 29 71 61 83 19 19 79 47 15 77 97 25 35 21 59 93 25
0 83 82 62 16 69 9 77 29 88 83 87 57 42 36 72 35 2 88 32 69 36 25 64 15 34 22 47 53 17 12 19 91 56 37 77 13 20 71 20 15 95 97 21 74 62 43 55 39 73
56 43 18 64 52 28 15 89 5 61 37 64 84 8 52 19 38 54 84 64 4 42 38 40 80 16 50 58 22 74 8 56 27 4 82 42 68 77 2 90 55 78 45 71 18 89 62 92 76 10
9 77 26 90 51 2 49 34 92 23 65 95 40 37 29 17 79 19 99 53 67 50 72 33 88 26 83 93 39 93 25 94 2 59 37 93 15 67 69 51 13 52 72 71 12 15 41 47 61 73
8 21 38 13 19 51 71 29 55 58 13 44 90 45 74 23 22 86 99 28 7 18 56 11 36 33 25 59 12 84 96 69 67 19 28 30 66 34 85 55 3 17 95 87 30 67 3 17 84 71
46 53 19 50 57 25 5 72 98 31 85 31 77 83 56 9 5 65 47 63 83 35 68 31 10 88 66 66 53 62 42 94 38 24 0 55 76 74 6 17 85 8 78 43 24 18 23 77 76 40
69 2 27 45 39 5 46 19 15 3 61 21 71 11 65 72 84 55 13 20 76 80 30 72 9 51 15 76 24 5 13 92 96 1 35 53 42 75 37 90 80 20 12 52 81 8 58 61 56 90
33 13 36 41 28 15 60 48 18 28 88 5 15 57 99 7 93 13 93 75 60 21 1 0 56 50 95 64 59 31 83 95 32 7 36 28 38 65 2 57 49 55 63 96 15 19 99 70 83 31
85 22 5 97 74 68 96 56 14 81 80 71 79 10 64 50 0 30 37 78 89 32 32 43 39 59 77 25 43 81 51 27 60 57 32 89 22 69 42 17 7 74 60 30 67 99 8 94 55 57
16 76 57 28 40 71 29 34 57 98 34 1 66 45 66 27 70 58 81 54 55 4 30 27 6 54 70 18 11 66 29 98 60 20 56 78 13 24 26 25 54 91 1 87 1 17 5 94 47 70
14 73 37 90 5 90 91 54 23 71 11 26 89 71 92 34 9 63 37 63 60 23 12 41 59 85 64 39 21 17 14 86 12 3 47 34 41 22 60 62 50 58 34 86 95 57 12 84 96 58
74 44 99 94 98 44 39 3 86 29 15 73 34 36 18 45 74 77 5 54 47 58 13 18 54 87 80 63 58 99 96 8 72 94 70 53 67 47 33 46 78 24 98 11 29 24 76 83 13 12
22 80 68 70 6 89 32 11 34 23 12 50 39 9 33 10 25 35 24 55 15 96 8 76 56 48 55 61 8 61 88 15 63 37 29 17 73 67 76 4 22 58 48 26 42 30 89 17 53 57
17 90 70 43 34 11 20 99 18 15 25 74 22 32 6 86 89 93 6 98 20 8 93 51 70 79 30 23 14 94 32 14 97 80 96 57 23 28 59 85 24 37 75 95 5 83 47 11 60 10
3 3 74 7 75 80 37 34 78 53 55 20 24 86 66 2 67 5 65 28 54 90 51 99 50 99 42 25 69 89 26 85 32 40 3 45 76 26 97 13 8 20 80 28 77 47 70 50 52 78
82 29 1 32 28 39 34 65 15 73 65 16 96 88 40 98 14 99 50 7 8 51 51 27 26 39 48 15 68 85 34 78 54 79 66 12 54 65 62 64 44 9 12 29 50 86 83 47 15 58
18 65 84 5 31 39 2 72 69 17 56 48 15 8 87 21 93 95 50 59 97 72 71 83 28 83 27 24 15 70 41 29 51 70 94 58 63 30 77 82 52 51 24 9 47 36 28 36 57 22
19 95 76 72 4 51 22 45 53 68 95 63 82 18 87 20 98 56 64 46 40 67 84 78 35 14 46 90 73 52 66 54 61 21 94 56 19 68 28 17 2 59 76 50 11 51 18 88 1 53
45 7 49 23 55 68 53 27 92 86 99 15 58 70 70 45 49 12 94 3 41 94 69 96 14 84 86 71 93 2 28 36 21 26 42 49 82 68 52 9 96 15 92 35 40 8 31 77 40 76
69 16 29 58 55 78 75 22 58 40 78 73 4 19 55 93 0 3 70 7 2 60 83 36 58 74 18 0 85 82 63 92 29 37 58 9 87 40 70 53 54 20 63 77 46 43 60 53 8 89
32 88 6 83 55 73 91 39 72 27 9 77 22 33 77 74 6 59 73 41 59 71 27 96 64 13 64 63 97 61 16 11 20 61 70 21 42 15 70 97 14 98 62 34 76 71 83 14 84 53
7 70 61 66 46 65 12 75 26 75 5 5 7 93 27 96 78 9 65 51 71 5 38 14 19 23 37 87 98 80 6 5 13 1 27 98 68 58 10 6 2 92 26 36 81 36 15 2 19 50
57 15 52 81 68 59 31 28 92 81 61 16 76 54 18 87 1 24 19 78 62 93 87 35 2 65 12 12 17 12 74 55 28 43 97 5 81 2 38 30 91 62 22 42 91 89 37 25 85 66
74 83 50 43 62 21 69 13 9 16 17 70 33 57 13 32 47 35 44 15 31 98 90 12 86 40 13 92 1 99 96 20 10 56 22 11 68 72 21 94 35 58 46 99 32 23 37 19 22 98
27 16 85 13 63 74 81 84 6 53 86 59 45 13 52 22 58 65 8 43 80 89 5 5 13 76 63 57 10 21 36 42 28 5 50 76 39 26 14 26 25 2 55 90 0 64 56 76 11 76
38 4 2 1 25 85 97 1 81 99 52 71 77 86 26 84 11 46 33 94 24 58 95 21 38 74 35 97 6 61 92 61 80 85 15 84 96 33 94 50 9 55 77 48 20 77 29 65 34 17
60 69 62 24 96 7 62 33 37 54 72 40 95 76 89 35 58 44 5 47 25 44 97 89 0 46 75 6 86 27 87 30 70 76 17 11 96 62 37 22 99 95 60 87 90 49 49 98 30 83
80 92 3 82 90 18 49 1 7 30 62 60 98 12 30 57 72 60 17 1 58 17 91 99 3 42 11 94 25 43 92 49 83 84 22 87 74 84 96 6 78 70 2 10 35 50 43 28 61 64
2 12 51 68 46 50 35 12 80 16 63 85 56 18 64 63 77 47 44 97 19 33 21 78 92 40 51 5 24 78 62 55 88 19 92 47 48 65 88 80 18 79 52 18 63 91 99 40 97 20
49 58 51 57 98 85 76 56 47 57 75 95 18 80 24 67 91 23 84 38 33 63 5 14 28 86 56 92 86 58 22 68 70 44 20 99 15 72 55 70 41 15 76 82 99 67 34 17 28 31
15 59 42 51 14 94 37 53 82 6 65 6 11 57 82 79 70 92 62 75 52 87 7 81 77 11 42 54 55 39 34 28 79 18 55 37 20 72 45 57 69 12 44 30 55 6 74 18 22 69
23 78 27 30 39 98 52 82 35 63 43 81 4 57 98 42 93 58 96 22 84 53 2 58 61 36 74 20 35 24 60 50 50 32 97 47 63 2 32 63 17 92 52 31 53 60 81 27 70 93
98 82 62 64 6 97 23 27 30 15 41 19 54 77 95 17 85 96 37 50 32 45 32 45 63 44 77 36 59 77 89 8 7 61 1 69 50 90 58 33 33 76 99 3 34 31 78 60 36 51
70 83 59 35 55 83 32 79 44 76 78 17 35 35 10 62 26 64 97 41 31 76 61 91 87 97 65 80 71 31 33 97 36 91 92 20 10 79 82 26 44 84 5 84 55 5 59 39 64 48
91 16 69 45 1 15 95 67 36 32 45 36 83 37 32 70 33 0 95 62 0 98 25 24 62 56 8 9 34 75 71 48 3 64 60 52 68 72 19 85 38 48 8 62 94 51 53 18 80 81
88 83 18 24 6 8 93 69 33 68 59 43 10 85 73 21 7 49 3 28 55 52 28 79 89 53 45 65 61 54 4 78 48 99 6 92 19 3 58 56 84 26 38 59 12 83 45 91 73 25
84 41 69 3 52 64 34 4 69 37 37 46 94 24 76 21 92 4 8 76 70 55 40 59 74 6 61 85 83 24 64 61 82 5 94 24 19 71 59 14 48 2 23 25 76 28 0 87 79 60
28 27 47 88 60 88 2 28 41 24 99 87 91 68 64 26 37 30 98 93 42 98 3 22 31 68 86 88 88 0 32 72 86 64 27 82 55 45 77 75 56 21 54 39 78 61 6 20 6 99
13 75 7 69 53 66 43 68 91 70 20 89 15 83 35 36 83 27 3 64 1 74 24 85 21 47 62 90 68 5 70 85 22 0 33 67 19 32 1 19 55 22 3 0 57 63 25 67 75 98
55 36 80 76 40 84 57 72 64 24 26 45 10 85 27 80 79 84 82 31 47 40 52 56 20 36 62 29 10 51 21 45 65 11 61 67 37 41 68 86 91 82 2 10 33 98 18 92 74 35
51 11 75 56 93 60 0 43 39 20 3 95 69 64 7 49 75 12 64 41 3 62 50 20 60 5 14 79 21 98 58 10 46 88 29 31 44 54 52 90 62 89 55 5 71 31 7 49 93 84
85 95 18 61 61 53 95 19 31 21 72 5 93 88 86 9 64 68 81 50 58 24 17 62 21 57 7 54 99 35 45 58 29 64 62 56 82 50 90 62 23 4 77 19 50 30 24 8 73 44
77 91 87 73 22 58 36 4 53 74 98 3 49 58 8 83 19 25 85 22 73 95 30 41 5 77 53 39 91 74 14 0 27 64 60 65 54 14 81 76 48 42 33 38 10 55 16 9 55 98
44 51 96 83 14 59 96 89 6 59 55 13 30 13 27 15 95 20 11 85 49 34 98 90 7 89 21 83 32 49 29 85 97 53 19 88 8 12 60 29 3 81 21 5 54 75 25 69 96 99
64 66 24 82 51 10 60 20 96 6 40 88 47 99 88 78 32 19 65 73 52 13 15 45 47 3 88 35 82 31 57 0 95 11 23 15 22 29 23 63 91 91 6 82 24 48 14 33 73 10
9 13 9 84 47 15 60 57 23 63 68 70 16 56 3 8 36 8 6 83 30 39 65 58 11 90 25 71 32 0 54 30 49 65 42 59 30 41 25 25 90 93 52 39 25 63 26 50 76 6
43 19 65 8 52 81 86 30 31 7 19 30 45 56 21 3 83 46 25 68 86 83 86 56 19 26 52 70 20 40 34 26 10 44 11 13 73 43 74 33 0 73 29 78 67 99 8 29 92 13
91 83 36 5 21 70 83 74 48 74 50 95 71 79 28 66 75 30 41 17 87 62 83 6 74 27 38 94 61 8 61 36 96 48 83 96 28 34 8 65 82 83 73 67 13 33 53 11 62 10
3 63 13 57 20 70 20 20 22 36 96 39 70 92 28 76 37 80 14 13 52 83 98 67 4 51 82 41 91 40 73 56 16 43 21 57 75 26 51 83 38 60 29 43 90 80 42 41 84 67
1 83 45 46 13 71 15 73 89 38 49 40 96 10 6 2 91 94 98 36 27 47 18 85 43 51 30 45 74 18 92 61 49 3 28 76 46 33 48 49 52 18 98 37 61 84 91 65 73 80
32 30 61 72 85 70 99 51 54 71 42 90 13 45 15 95 28 55 72 48 41 92 25 93 94 73 0 40 60 44 38 66 31 22 43 43 54 56 56 53 7 46 90 13 84 33 64 0 79 26
46 3 71 79 60 49 60 0 53 82 88 51 31 43 14 81 91 30 37 59 18 62 67 68 84 52 16 1 16 86 32 27 17 65 67 6 5 5 36 82 33 79 74 41 86 54 65 88 20 20
60 57 13 89 11 93 37 0 15 12 55 55 84 54 45 70 68 91 43 24 20 46 75 86 48 77 31 45 63 60 32 45 57 21 87 50 20 78 80 6 94 77 89 10 34 75 86 66 17 7
81 8 61 65 27 43 58 48 15 2 30 21 81 51 88 1 77 56 32 73 49 79 50 23 54 66 46 56 99 4 16 23 96 88 9 21 98 21 87 73 31 37 1 71 28 30 83 86 26 8
63 70 53 9 87 83 7 27 70 19 55 90 55 56 7 37 71 25 97 93 72 93 67 89 71 84 13 53 64 34 26 95 10 13 99 82 34 32 90 84 31 7 5 98 35 61 52 4 93 17
