9 18 19 26 67 24 56 29 31 52 43 45 48 61 64 97 88 0 9 77 32 66 95 48 8 62 98 44 55 86 38 97 12 52 33 81 92 85 90 9 9 50 64 19 42 67 98 40 8 68
36 17 37 13 91 81 69 41 33 40 22 33 52 6 89 20 24 26 8 27 96 86 80 98 13 61 63 10 95 96 48 62 61 39 35 74 45 27 49 25 14 10 53 61 52 35 23 41 18 10
77 20 37 85 14 58 6 27 92 99 87 41 90 89 57 33 58 36 64 54 91 46 69 31 49 74 42 52 54 30 42 27 66 6 81 44 14 66 93 63 0 12 59 45 0 99 28 37 57 49
75 78 43 98 82 54 57 60 5 36 72 21 45 25 81 32 14 66 75 54 1 8 41 1 27 27 47 65 20 39 98 88 67 36 30 52 48 84 44 88 96 89 91 42 95 2 33 0 49 75
45 41 15 14 31 73 71 9 54 38 87 99 38 35 49 15 98 78 37 91 93 26 35 28 24 72 33 77 20 58 8 87 59 66 96 33 42 7 91 6 36 15 37 38 42 18 13 43 43 12
98 82 86 8 29 60 16 10 18 20 24 71 92 22 1 64 86 94 43 92 36 51 55 36 94 65 53 9 0 56 69 38 34 72 90 16 99 76 44 12 29 33 54 66 10 44 69 97 83 60
0 4 22 52 88 98 7 77 7 70 51 38 49 80 21 70 37 97 62 32 81 51 13 28 32 67 84 96 39 38 51 82 20 28 41 66 32 4 9 76 16 0 24 48 51 47 24 5 88 31
15 26 91 31 85 29 99 23 42 3 95 96 43 93 29 80 57 17 19 37 31 69 62 99 84 57 80 82 88 18 85 24 70 85 41 89 23 42 52 64 27 79 63 22 4 23 23 33 72 91
48 77 87 20 65 77 23 44 0 44 49 39 89 70 86 53 52 43 28 78 37 18 61 65 46 75 40 70 70 3 33 19 98 24 4 83 85 30 41 95 41 65 13 85 59 29 42 90 11 54
9 85 79 71 68 58 63 6 23 5 82 32 79 45 16 18 99 19 87 77 12 58 69 30 3 25 92 21 15 33 5 61 77 47 87 10 38 55 74 9 25 23 45 53 65 52 82 21 18 56
82 87 83 86 92 42 66 18 13 17 26 63 71 95 98 68 34 90 25 92 90 81 73 51 80 5 30 29 67 52 62 60 87 54 44 83 33 45 17 82 52 58 65 39 10 39 59 75 11 70
25 15 47 24 60 4 19 51 39 75 66 7 15 94 98 57 33 38 86 2 10 20 21 60 56 72 92 30 57 77 61 11 25 27 60 23 57 80 0 10 57 63 5 34 14 79 65 63 69 19
85 41 42 29 9 69 33 75 88 21 56 55 34 49 6 8 25 8 64 29 40 60 25 73 90 68 56 43 72 42 97 56 84 35 93 33 12 20 38 5 10 22 75 30 23 88 87 15 91 66
99 91 39 3 62 88 43 49 84 84 79 11 24 38 60 69 89 6 73 21 10 47 52 5 90 50 99 77 18 78 94 30 79 30 95 40 44 49 92 8 36 75 50 37 3 68 72 2 70 58
26 10 59 28 27 64 49 36 67 73 88 38 80 29 66 81 63 38 21 7 17 97 69 56 58 30 34 24 2 82 77 55 77 76 55 90 92 38 81 35 22 50 97 70 71 99 63 48 76 11
31 26 54 1 39 88 24 74 74 51 36 25 64 97 84 57 79 22 11 67 32 15 29 31 84 37 97 97 71 9 80 64 41 70 49 65 46 37 31 97 15 96 77 83 77 72 51 69 51 49
19 66 19 74 10 67 40 83 11 54 53 9 49 3 42 4 70 89 1 97 92 58 93 54 5 66 36 35 56 87 2 30 76 93 43 15 93 53 30 45 9 69 30 7 48 3 14 87 19 52
95 25 64 69 14 72 57 46 12 4 68 24 17 60 50 26 95 49 40 10 10 73 23 64 4 60 59 8 42 42 26 25 51 76 44 4 17 20 98 65 55 69 74 38 53 88 14 5 10 31
88 90 0 87 2 31 42 21 40 44 52 43 67 55 38 31 16 8 69 73 51 87 24 19 37 54 67 18 72 29 84 76 83 91 25 58 79 42 21 99 1 42 24 77 50 2 65 82 46 93
20 85 99 9 4 45 59 37 11 50 99 45 95 67 62 23 91 57 24 88 98 28 83 48 82 61 26 83 30 0 62 34 52 11 18 59 8 6 37 60 55 83 49 71 86 37 38 10 87 57
4 40 69 35 52 61 62 69 26 22 43 52 37 90 11 19 25 78 88 0 79 17 61 54 37 17 72 98 4 84 41 15 61 67 39 32 85 48 89 74 73 5 37 36 29 46 95 24 94 8
19 22 49 47 97 73 83 75 4 75 93 2 52 79 46 16 32 4 1 38 84 65 5 50 89 92 13 85 82 3 2 68 78 61 37 7 37 60 14 26 22 54 95 40 30 65 56 44 30 12
41 23 40 98 69 15 84 79 78 65 19 78 11 3 32 26 18 65 41 51 49 29 78 34 22 30 10 98 10 92 40 17 44 59 56 63 72 46 6 35 77 11 38 83 95 1 53 41 98 50
75 90 95 80 95 13 44 16 24 81 2 65 71 81 97 17 94 60 18 19 95 59 72 61 20 82 24 83 40 56 67 32 72 33 47 93 11 56 70 88 2 3 29 70 83 15 93 38 66 61
46 26 56 34 75 38 74 70 19 67 52 96 4 75 41 55 76 26 76 87 86 28 88 0 42 21 98 31 51 20 45 18 72 74 77 78 35 90 30 54 60 8 94 76 42 26 8 32 50 42
57 64 81 57 29 82 81 7 69 4 7 2 64 69 46 87 56 77 61 36 12 13 31 51 84 62 34 49 30 62 95 51 0 83 1 38 73 22 34 64 2 85 20 26 42 67 70 32 57 71
33 65 54 63 62 16 91 35 36 20 43 94 10 35 36 3 45 20 79 67 92 65 78 35 97 70 14 94 2 44 89 48 80 68 23 3 90 45 67 25 77 67 15 96 77 43 67 12 11 19
49 83 41 81 44 10 91 28 68 95 23 55 52 4 41 41 68 87 14 7 98 36 65 66 40 22 68 19 44 42 2 61 55 3 91 55 85 20 12 91 19 92 34 77 5 22 96 17 96 98
16 63 87 48 19 1 93 57 98 97 51 83 49 32 8 1 68 38 28 89 27 86 16 92 7 91 33 73 14 87 39 73 99 75 43 14 27 14 53 42 17 17 21 7 85 38 57 43 15 21
83 98 11 35 71 56 12 5 72 99 5 75 11 54 77 89 99 98 17 4 25 49 83 54 60 26 6 20 82 69 83 49 46 87 1 88 46 82 76 14 92 2 68 50 50 57 38 15 83 76
62 40 22 18 94 51 17 1 15 33 87 55 6 58 32 60 61 58 39 22 69 30 41 98 80 45 0 10 80 15 81 42 43 9 13 2 1 13 79 40 42 49 89 77 18 34 26 27 67 36
72 81 11 50 90 22 79 33 11 88 32 27 43 75 17 64 35 8 43 68 85 26 25 11 72 19 40 39 35 96 82 32 30 94 3 87 86 43 75 69 51 86 45 17 57 16 7 27 48 46
90 30 57 22 19 41 97 19 69 73 78 55 23 80 16 70 33 20 74 76 63 30 88 5 67 75 84 45 70 63 75 19 81 59 58 57 18 18 21 27 53 88 72 80 1 87 88 2 26 98
77 19 84 88 45 36 27 5 99 51 54 66 46 83 27 63 32 71 54 0 25 98 20 68 14 50 10 59 33 0 37 8 19 47 97 42 11 86 26 85 29 92 81 14 33 20 63 41 23 8
60 17 13 98 16 59 83 43 81 34 2 64 21 36 75 63 72 8 10 95 86 34 95 82 76 0 15 12 57 55 30 92 14 5 37 94 99 93 72 81 76 62 3 57 46 67 58 66 2 35
35 25 23 92 60 23 74 20 13 99 91 39 7 97 27 63 53 9 67 90 49 15 28 52 67 83 30 90 24 37 33 45 65 35 47 69 60 94 13 8 68 71 77 89 19 3 58 18 51 40
77 96 83 47 2 25 38 20 42 64 17 92 75 36 12 59 82 45 80 71 78 41 62 52 16 18 64 82 84 52 88 74 76 27 12 28 60 4 17 38 11 4 40 53 48 75 68 34 36 56
57 66 93 19 27 45 21 81 67 65 58 31 17 74 14 3 34 81 94 94 22 13 2 73 7 75 72 87 60 15 77 48 65 20 88 72 41 18 92 32 19 19 9 71 80 32 91 60 77 99
31 99 41 21 19 85 80 27 78 5 80 22 32 77 66 70 88 26 69 10 10 35 87 43 16 29 38 2 23 44 48 28 44 20 68 6 74 86 3 64 70 11 95 98 6 57 40 52 61 13
20 43 87 62 4 70 74 94 34 16 43 26 71 32 57 61 20 47 98 31 22 0 26 21 6 16 65 82 43 84 87 1 21 36 73 76 22 52 42 33 94 17 61 67 46 31 47 32 54 10
29 27 49 51 52 15 17 87 8 89 1 20 49 17 88 30 22 39 86 58 62 81 92 71 57 76 7 43 56 50 77 14 48 53 74 12 38 48 44 5 58 20 71 57 97 41 61 65 84 26
29 15 96 76 6 18 38 33 8 49 27 65 16 88 71 14 47 63 71 66 23 60 37 98 98 37 96 4 65 87 70 15 70 55 43 59 29 91 88 97 38 21 8 26 97 44 66 58 99 36
20 36 72 32 90 66 59 4 67 77 73 3 63 71 95 96 42 44 62 46 80 94 89 11 37 4 17 82 41 12 49 25 34 15 96 17 82 90 76 5 15 19 65 29 72 60 6 38 61 72
5 29 8 52 79 19 92 25 10 84 6 79 7 78 37 33 40 31 89 18 20 39 47 57 76 42 59 53 48 35 78 10 6 97 60 0 79 29 44 49 79 4 92 77 58 10 1 87 32 5
99 81 19 34 28 54 22 0 72 18 22 93 34 33 34 41 47 7 74 42 26 2 61 3 3 27 87 4 56 71 73 55 20 57 43 4 95 89 48 98 89 83 64 48 62 49 85 36 71 24
78 34 2 25 5 60 10 48 96 39 50 68 51 77 92 30 62 71 63 30 97 14 79 15 62 46 61 90 98 10 28 37 68 69 70 45 96 27 53 25 73 3 98 95 49 17 20 8 36 45
78 28 66 93 97 82 40 10 47 57 78 65 93 54 49 86 18 38 26 22 84 70 92 31 89 6 22 95 43 44 25 78 0 9 53 68 86 12 18 24 68 13 86 35 8 82 42 46 19 80
99 19 61 32 54 54 75 88 14 47 21 85 46 12 96 3 20 44 90 63 26 31 15 33 31 43 25 96 86 51 28 81 73 60 34 86 57 35 53 59 45 51 29 56 81 50 82 51 71 70
10 28 67 14 16 93 20 31 71 65 36 49 71 25 24 64 74 35 10 86 45 52 94 12 19 76 92 10 9 99 93 86 27 82 66 9 76 28 35 58 29 79 23 83 56 30 15 1 35 73
6 71 13 90 77 90 6 62 57 2 67 67 92 4 72 65 88 64 6 6 14 58 75 21 72 81 23 21 67 51 13 42 8 79 49 25 13 31 69 46 0 77 43 26 37 78 99 45 53 6
34 42 0 76 45 61 78 31 33 79 83 14 1 16 1 44 29 53 22 3 56 57 91 28 31 1 32 97 33 11 66 15 81 98 40 9 8 72 74 82 67 50 11 9 93 86 60 0 47 75
94 87 50 38 91 16 8 17 5 85 39 20 19 49 45 42 89 37 24 38 70 2 96 57 31 36 21 84 35 44 51 64 11 2 76 51 55 98 15 95 89 52 63 6 7 44 21 75 7 97
30 83 29 83 46 48 66 99 82 49 34 44 78 87 9 58 83 61 48 62 26 44 48 53 84 80 34 64 55 82 62 49 23 0 39 75 72 74 51 13 3 70 65 51 67 62 40 42 60 27
83 43 65 45 15 40 33 43 0 76 90 13 71 83 90 73 28 4 0 12 35 66 20 50 89 14 17 91 64 54 17 28 50 59 88 77 66 60 61 97 47 30 6 67 57 7 12 63 14 70
59 68 53 40 1 95 55 5 27 40 52 97 34 78 71 68 13 72 44 45 54 13 61 6 65 66 68 61 95 96 50 5 69 75 46 26 5 83 3 29 71 4 92 38 80 45 66 78 8 64
11 37 74 78 91 10 49 66 9 87 95 5 25 68 3 30 34 95 49 98 50 78 79 54 62 9 29 13 8 1 62 3 21 92 51 3 17 18 81 72 22 8 54 85 35 24 24 80 30 9
98 67 89 38 19 90 94 55 36 79 39 74 95 82 63 38 1 68 75 42 44 24 36 48 49 82 82 0 99 6 8 51 68 9 19 69 67 69 94 81 29 36 81 82 47 80 66 83 54 20
99 11 90 96 90 91 62 15 12 42 38 3 59 15 60 91 59 65 9 78 59 84 84 95 92 3 15 83 73 86 55 9 13 28 5 1 5 61 7 4 0 83 33 37 70 64 63 44 10 32
17 50 25 72 82 63 54 10 0 44 58 95 16 20 20 53 15 23 86 90 88 76 71 83 18 13 5 45 37 41 97 60 2 69 14 26 80 27 4 20 46 36 93 18 14 43 38 92 99 59
97 64 50 29 99 13 89 52 2 84 16 16 75 18 73 86 65 94 64 14 99 22 22 13 80 37 51 89 34 50 91 57 12 25 75 63 76 65 55 0 94 80 77 64 80 26 16 41 56 93
16 82 47 67 11 80 37 8 9 96 1 2 47 85 76 43 1 88 16 16 98 34 52 71 93 68 34 56 79 42 11 14 2 89 60 17 99 22 66 91 64 33 43 86 72 80 13 75 46 11
93 30 50 87 14 92 10 32 84 7 54 12 38 79 53 46 74 90 94 63 75 4 14 91 78 99 36 6 76 5 96 46 49 89 8 61 1 95 39 32 14 77 90 30 57 59 35 75 20 50
5 64 54 75 37 92 28 36 94 45 54 69 16 82 47 21 70 39 13 63 13 58 44 97 23 91 80 87 83 0 7 15 71 86 57 40 96 4 64 57 53 81 86 32 3 16 96 23 49 72
73 81 84 35 43 89 91 10 22 14 37 70 42 9 10 4 51 41 58 14 64 46 15 20 65 58 41 39 81 57 92 36 77 55 13 68 66 30 3 14 85 11 65 83 15 70 39 49 26 4
51 89 57 14 11 26 58 95 81 56 24 31 33 47 0 80 60 69 59 38 34 35 58 34 50 45 55 61 51 55 24 76 48 68 61 50 44 98 20 35 15 77 66 15 22 9 78 18 84 74
37 23 77 28 17 51 51 64 22 11 67 98 68 8 13 10 26 74 9 1 35 36 52 6 51 29 52 89 25 19 88 5 13 9 6 17 54 37 69 31 99 81 33 15 67 92 10 17 44 53
41 69 22 6 24 48 1 55 29 51 42 60 2 81 34 86 90 31 86 32 39 66 71 8 77 36 73 90 68 23 10 97 34 60 88 86 4 30 37 79 42 23 42 4 12 74 31 69 75 5
1 25 27 16 62 35 20 55 82 34 66 44 2 11 8 72 10 2 11 44 84 31 93 47 25 17 12 50 49 44 53 47 83 3 90 11 8 17 81 63 42 70 72 74 78 9 6 44 10 24
2 62 26 25 17 61 1 50 30 22 94 7 34 5 74 98 68 60 35 77 15 23 84 31 64 59 43 6 36 26 81 20 91 1 77 56 7 93 99 93 0 95 25 89 42 27 30 32 93 59
93 20 84 61 19 50 26 19 75 82 85 92 69 33 87 58 91 91 27 13 15 9 54 58 63 52 31 18 95 96 63 12 10 0 67 60 3 85 12 75 43 70 22 56 36 84 39 17 70 52
13 15 52 44 55 44 15 63 2 12 60 73 55 19 32 96 4 80 98 15 28 59 2 36 72 64 75 87 42 31 87 11 68 73 74 30 89 81 39 6 69 11 18 14 30 85 77 84 79 85
3 41 56 81 13 14 56 25 34 27 54 50 93 34 25 85 17 94 45 47 83 40 14 76 41 85 67 58 80 45 75 86 37 15 85 29 14 23 63 18 16 68 69 89 61 39 42 28 45 43
43 52 45 52 73 29 21 75 93 41 19 83 36 88 85 84 61 50 10 92 53 71 47 74 87 38 49 54 25 45 16 6 24 62 29 8 2 89 41 43 21 17 2 99 52 12 2 58 32 86
19 11 44 55 75 90 80 54 91 66 11 33 19 98 45 59 99 89 31 82 86 9 47 79 77 65 58 62 83 14 29 78 6 15 93 57 71 55 97 65 69 81 93 21 46 14 53 31 59 73
79 6 56 28 13 14 26 51 83 39 47 40 16 14 41 81 16 89 40 81 34 8 11 26 30 20 16 38 2 58 63 46 84 28 35 49 99 32 4 68 56 47 66 99 0 8 28 81 48 47
30 57 35 32 83 61 26 20 84 21 95 9 44 22 95 91 35 70 29 65 46 69 66 64 84 52 66 30 83 69 27 35 72 49 89 73 43 62 70 36 3 53 21 26 6 15 96 33 33 12
91 29 7 94 7 50 80 82 74 58 4 4 39 77 75 20 81 67 72 3 2 25 61 20 47 66 36 56 93 69 42 45 25 5 2 1 32 51 29 23 42 52 19 52 10 4 8 92 20 72
22 30 9 77 92 90 22 77 64 7 42 29 76 8 95 84 92 40 0 33 44 55 25 81 58 60 40 7 97 46 32 18 85 53 97 80 36 76 23 85 25 47 57 74 19 96 3 79 19 49
65 29 57 44 92 52 44 17 23 37 38 18 58 41 16 16 28 1 52 35 94 72 64 84 35 87 95 82 72 91 11 87 67 30 50 21 94 8 63 70 83 11 80 37 34 21 56 25 59 1
65 13 22 81 90 27 29 10 58 63 88 70 72 30 33 3 2 72 78 42 56 45 91 26 28 34 10 3 81 40 3 44 54 74 64 14 49 63 53 96 43 96 50 97 18 64 7 64 32 24
65 58 61 44 75 47 27 75 90 5 97 19 46 54 28 99 70 72 96 16 7 85 14 57 71 96 83 42 89 16 10 19 26 90 14 17 83 35 23 17 85 41 63 41 25 13 83 35 74 77
69 51 98 80 31 55 26 2 58 88 64 9 42 60 17 30 98 83 18 40 7 76 81 21 17 37 78 36 73 20 69 3 78 7 92 54 17 59 75 90 75 67 33 31 8 40 95 57 1 63
35 75 26 48 10 76 77 64 88 20 82 58 86 65 49 75 22 5 13 98 4 17 77 26 21 26 88 96 81 0 6 36 49 83 63 74 17 54 72 36 88 41 97 94 28 42 97 62 79 73
6 33 38 48 79 94 28 50 21 83 43 88 34 29 73 11 27 4 67 59 84 81 15 77 25 9 44 57 74 9 4 54 72 20 22 90 1 48 49 52 70 47 77 4 80 98 5 96 81 78
11 11 16 56 60 76 59 38 21 59 26 78 82 81 73 56 98 75 95 50 46 95 26 20 20 91 37 42 25 83 32 37 66 84 20 0 6 0 69 93 9 58 34 42 45 8 44 44 29 2
33 40 51 31 28 77 11 57 5 11 55 70 96 54 91 1 28 96 30 43 39 94 20 98 2 74 23 72 72 64 50 59 14 78 96 98 89 81 46 88 5 98 3 22 84 78 57 29 2 60
31 53 47 0 68 11 86 34 67 92 98 75 52 2 94 37 89 42 46 63 97 98 28 78 96 44 69 30 73 16 20 79 19 18 60 22 13 34 70 76 16 5 37 62 77 76 18 19 3 1
31 68 72 71 58 13 38 34 2 22 61 19 82 93 8 98 15 99 72 90 6 78 93 59 42 50 62 60 24 7 61 52 80 83 88 57 87 19 80 91 11 92 16 52 45 24 68 82 18 20
0 83 40 10 6 3 85 26 1 29 14 50 97 1 55 81 86 43 49 51 63 90 9 87 54 50 85 29 24 66 54 96 7 12 16 58 95 81 85 73 65 81 94 89 66 30 98 53 64 62
91 71 63 6 38 51 70 65 55 79 49 86 10 78 51 63 59 38 74 71 11 55 39 97 27 53 54 93 5 88 49 1 66 24 14 50 33 17 35 1 69 46 64 40 50 83 18 43 10 68
77 82 29 11 21 15 7 88 32 10 52 48 99 40 72 10 4 40 28 84 73 46 27 27 43 94 53 19 73 26 47 9 46 99 68 17 15 22 24 6 19 53 30 9 56 19 23 29 34 10
67 83 25 90 90 55 42 34 61 7 17 90 95 6 12 60 23 51 77 69 52 12 39 43 7 14 13 43 8 41 76 91 15 50 32 90 48 6 7 6 63 35 75 69 21 76 37 78 15 80
14 86 58 72 76 46 8 36 90 64 40 79 84 98 58 36 54 19 38 38 58 42 3 9 24 89 77 96 52 49 16 15 35 48 7 44 41 85 55 56 86 12 31 39 91 56 64 4 27 69
35 18 42 37 94 21 3 69 85 40 10 74 36 27 8 80 38 31 32 42 38 40 46 24 61 39 12 61 39 55 1 64 88 17 96 22 69 82 71 6 85 69 42 22 62 63 16 12 62 35
56 4 49 94 3 78 33 77 0 40 22 1 94 97 52 62 57 11 55 76 42 19 48 91 66 92 97 72 64 90 29 28 86 80 75 7 42 38 0 86 76 87 33 82 30 24 27 5 41 81
49 85 63 99 9 80 82 84 85 47 6 4 73 96 39 28 13 51 60 14 70 6 68 21 2 97 33 94 99 98 24 55 84 44 18 59 91 95 41 28 84 56 57 66 59 23 82 25 25 73
76 60 32 74 39 1 45 30 53 48 8 69 29 81 86 36 37 54 21 43 23 81 57 70 62 49 75 40 62 91 96 6 24 34 98 48 28 23 21 61 30 5 14 96 76 15 42 4 60 69
11 85 17 3 4 84 57 65 16 95 73 49 31 56 6 77 46 50 9 50 46 50 18 57 3 49 38 40 20 25 87 78 27 86 73 16 87 21 35 90 79 99 10 74 38 31 8 17 41 71
2 89 89 0 40 15 55 62 5 46 13 58 6 79 60 16 68 12 49 25 87 13 57 1 42 83 11 24 99 43 53 36 73 70 3 64 46 40 64 66 39 78 35 76 65 96 35 46 6 68
33 87 82 43 36 53 6 34 27 82 65 97 23 36 74 30 99 86 44 47 90 18 57 94 47 74 82 78 6 99 65 36 16 53 15 57 97 78 51 43 30 8 20 93 2 96 82 10 47 87
