81 2 21 36 64 27 58 72 33 38 0 31 50 86 6 79 90 23 75 13 15 43 18 10 1 16 46 60 17 89 98 89 5 25 15 81 35 58 76 25 52 79 64 15 8 57 2 86 58 29
47 30 38 20 1 64 43 87 88 25 55 9 0 77 27 66 42 27 19 14 79 82 3 6 44 10 69 50 91 83 77 97 16 39 52 45 91 10 93 48 73 40 75 4 86 9 72 66 5 62
80 38 69 62 53 59 2 32 20 18 84 29 8 32 38 8 7 36 90 96 53 64 35 29 7 58 68 88 84 1 36 46 54 99 61 31 49 25 51 91 39 91 88 32 32 37 63 58 52 88
34 77 97 18 21 11 21 75 67 37 67 83 27 40 51 35 52 16 40 80 35 26 97 38 57 9 23 57 23 27 25 27 3 75 62 23 47 13 83 17 16 13 35 32 57 29 24 0 15 84
79 39 45 23 9 5 88 7 70 50 57 95 72 43 40 97 18 78 5 30 43 76 62 73 61 80 29 29 19 98 81 4 43 31 81 48 13 24 2 70 89 86 8 58 68 86 51 89 90 80
49 85 0 42 61 90 81 55 35 88 35 97 21 11 82 55 62 22 95 33 41 26 2 53 15 95 4 87 17 79 96 65 19 75 85 55 66 99 61 78 51 37 19 24 33 89 64 54 79 96
38 56 17 4 72 88 37 5 20 4 26 19 14 25 17 29 20 96 45 7 96 21 57 31 98 25 37 97 35 49 64 49 66 91 4 68 84 22 19 21 29 2 42 94 96 86 63 9 95 2
14 37 74 74 42 69 90 70 81 92 84 21 67 7 86 90 71 51 47 18 94 52 10 44 20 48 6 25 48 71 98 74 82 68 59 97 28 11 36 83 69 25 90 89 90 20 4 99 6 87
17 0 36 97 89 79 54 68 61 5 56 67 87 68 89 49 91 9 56 52 41 57 56 92 84 85 18 14 34 35 44 58 80 2 64 45 62 63 57 57 25 93 48 89 69 0 40 25 91 51
73 61 84 87 26 17 14 62 10 12 87 38 92 95 82 88 88 94 38 4 59 26 31 56 71 73 88 6 56 68 32 59 46 69 0 70 3 31 3 68 32 28 37 64 75 53 55 24 77 37
75 10 0 63 68 88 34 80 77 8 89 63 71 31 44 19 52 68 76 67 81 49 20 17 23 24 60 95 83 78 4 5 18 86 74 79 75 40 46 43 42 41 40 52 74 9 77 7 99 68
43 43 56 49 71 60 96 53 71 51 93 82 91 3 2 16 61 75 86 43 57 13 32 59 88 14 39 79 58 82 30 1 13 15 80 32 51 61 23 74 92 9 21 5 74 39 95 32 8 89
10 69 13 80 41 40 21 93 44 50 32 35 21 31 57 91 25 50 40 36 38 91 36 70 90 80 8 55 5 53 81 62 47 80 31 83 29 51 56 71 81 53 76 25 30 97 5 22 44 94
49 37 4 72 4 79 12 68 98 74 29 67 60 22 64 68 48 8 0 48 5 20 20 95 77 65 89 88 72 65 76 42 46 99 34 35 5 5 31 22 81 72 59 36 77 84 28 75 9 82
61 51 44 60 42 2 54 32 53 68 21 69 34 3 29 67 1 35 76 61 29 97 89 79 92 27 71 93 40 59 94 99 10 10 18 4 95 12 4 9 12 50 75 94 69 34 84 42 55 93
87 59 13 19 66 34 52 6 96 51 97 51 4 48 5 41 49 13 96 73 39 35 14 75 68 50 63 6 13 17 16 49 38 28 66 78 52 96 46 13 41 12 13 29 25 50 44 21 9 95
61 9 29 62 46 54 62 40 2 26 32 34 76 48 53 61 76 62 8 3 87 36 88 21 24 51 96 9 72 32 77 79 22 4 57 43 77 90 31 90 25 78 13 90 7 64 33 27 51 79
87 45 31 36 1 24 30 42 83 10 79 29 6 61 55 71 96 35 7 73 11 15 14 92 4 85 80 55 79 50 1 6 69 39 73 0 27 81 58 14 52 80 16 76 45 94 76 98 13 29
79 35 45 70 77 12 50 60 19 41 75 19 45 98 92 71 70 13 49 71 48 36 30 14 74 51 55 22 12 17 16 72 65 24 18 13 1 61 83 29 80 40 69 81 59 9 6 94 52 57
37 66 81 76 53 34 39 49 45 4 44 83 47 2 29 56 12 64 63 21 35 64 32 16 59 89 63 66 12 91 98 33 15 9 42 64 98 20 72 49 31 52 10 74 2 2 24 96 15 16
15 60 64 6 57 18 57 36 46 35 64 59 65 70 22 13 30 4 47 18 45 60 0 22 61 19 22 5 64 29 74 12 33 93 9 39 54 62 84 90 86 48 82 95 61 87 6 45 74 24
90 34 99 22 32 83 50 31 43 38 13 95 93 11 70 92 29 23 9 10 45 66 74 9 51 80 75 72 44 83 93 69 80 5 12 83 29 8 85 50 56 80 13 71 55 56 94 18 37 70
82 34 79 71 35 55 41 99 97 13 35 45 13 56 40 16 1 91 14 55 50 14 41 10 40 44 62 9 1 51 82 37 82 58 43 57 76 47 7 74 55 62 0 18 26 79 92 31 25 32
19 57 27 4 17 1 27 22 18 12 34 95 28 33 54 11 55 51 51 65 42 67 95 46 5 14 86 92 29 33 35 41 98 56 44 69 20 10 49 77 64 0 91 87 45 10 37 63 47 17
76 63 97 88 79 73 82 98 3 57 79 77 6 22 20 58 98 48 56 27 36 1 35 34 35 52 42 8 64 95 8 37 1 12 1 64 17 9 19 54 55 4 35 71 49 58 56 40 55 35
95 39 8 70 16 29 44 87 33 54 34 78 56 37 53 16 97 58 60 21 66 17 20 70 60 48 25 14 62 6 58 66 95 5 68 98 85 79 95 45 75 9 92 7 32 73 22 47 50 14
49 47 76 1 25 78 75 83 47 50 60 49 67 3 17 53 48 19 80 36 53 37 64 73 98 78 18 64 67 50 19 12 40 16 59 78 59 39 38 67 27 67 48 22 65 46 0 85 92 11
40 97 49 27 53 68 37 39 5 2 83 43 83 36 37 59 50 44 99 93 52 77 61 87 62 37 19 54 7 54 50 63 39 42 93 10 39 86 91 3 0 89 81 84 51 26 1 0 68 90
77 60 90 21 24 87 97 33 63 66 25 42 97 45 98 4 33 4 88 17 61 49 89 93 90 13 45 83 20 95 93 43 97 56 8 38 93 72 84 38 35 18 53 65 27 48 63 66 2 41
23 31 29 73 18 19 0 21 47 11 35 50 87 25 76 60 48 13 56 11 87 84 15 81 2 1 13 93 91 82 96 51 55 59 89 52 83 86 85 29 5 88 7 14 38 55 99 23 20 2
34 79 85 34 10 49 46 28 6 94 82 57 81 34 95 3 81 43 44 40 9 12 21 69 45 28 20 56 54 19 39 90 24 21 77 37 29 95 47 62 28 11 30 47 68 8 65 98 86 49
16 93 76 19 38 55 61 90 12 3 58 10 22 1 17 87 3 37 23 41 1 9 67 87 17 30 74 86 27 63 87 62 73 6 99 89 73 10 72 52 16 43 21 81 33 60 98 37 29 0
57 81 98 60 29 22 87 68 76 19 97 21 29 50 13 42 86 83 58 51 86 11 71 52 47 46 50 87 68 71 99 4 71 64 45 7 66 63 98 11 5 24 24 57 20 55 8 38 96 94
80 41 57 58 71 25 36 97 50 58 93 63 0 40 91 71 12 55 70 50 36 3 70 43 11 5 33 66 98 71 35 99 92 41 40 73 5 13 27 67 47 27 65 35 78 35 72 38 58 30
74 89 61 38 49 79 93 95 81 46 15 10 50 86 50 41 58 33 34 99 2 72 58 13 30 41 68 29 64 13 91 28 69 64 45 18 96 91 52 32 13 44 28 72 99 19 55 77 59 84
82 2 58 28 53 50 44 78 48 59 63 73 56 88 33 92 94 9 17 80 55 64 82 57 94 65 60 26 57 42 86 22 66 85 66 77 37 88 43 67 31 60 26 37 54 12 38 91 34 10
31 6 78 3 76 15 64 2 24 68 14 85 79 93 15 52 61 69 73 10 68 89 55 50 30 44 55 94 11 10 79 95 10 54 44 53 80 3 14 46 3 60 53 80 61 11 87 42 65 88
74 74 98 73 43 56 53 50 60 70 19 67 13 70 26 74 71 13 70 42 70 40 10 97 12 1 92 39 45 59 7 56 96 83 75 11 78 46 91 59 79 53 34 7 86 99 61 96 86 11
33 46 84 2 62 53 54 79 52 96 52 55 40 98 39 15 54 17 94 78 25 93 54 66 62 57 94 89 96 93 20 27 26 53 32 91 93 42 46 53 46 41 90 62 18 15 82 17 49 52
18 92 97 13 44 99 27 1 49 56 48 54 74 32 56 99 84 69 4 96 54 86 61 40 26 8 92 70 52 26 54 62 84 31 4 99 81 95 63 67 15 40 18 41 20 87 82 49 6 49
72 15 88 79 95 9 81 36 34 3 60 45 17 36 25 75 75 27 67 46 8 32 3 45 77 85 78 91 59 45 33 61 78 56 48 69 96 76 48 9 84 63 82 21 1 96 93 80 90 54
86 7 50 49 66 41 77 17 36 94 35 67 67 37 94 85 62 30 10 90 25 18 40 57 80 60 13 18 8 72 4 37 1 80 71 70 16 18 10 70 7 26 0 8 50 92 78 5 15 80
90 32 79 66 29 39 20 13 96 43 10 97 37 61 27 14 89 89 80 24 72 43 79 68 72 72 35 27 56 75 60 14 51 56 57 76 64 96 37 39 45 90 33 20 53 55 62 41 95 30
6 17 31 48 13 77 0 60 77 82 7 33 24 88 67 82 33 62 90 88 1 41 44 6 92 99 4 26 36 41 57 77 42 40 9 75 31 4 1 69 3 68 61 82 93 27 17 77 69 32
80 89 49 69 30 67 21 90 29 85 80 46 61 33 21 5 69 26 96 92 77 67 0 40 5 77 17 97 8 16 73 10 38 43 40 14 6 92 44 30 11 72 11 58 34 5 0 44 60 1
39 57 36 32 95 96 23 93 73 66 40 81 24 16 86 8 86 27 33 97 46 17 84 78 15 51 50 72 51 43 50 45 51 75 52 23 60 54 40 21 97 20 23 15 49 8 3 36 38 63
26 29 48 70 71 22 45 71 13 6 43 99 35 60 32 43 57 12 77 44 7 49 57 77 17 91 86 40 5 16 18 1 12 31 1 61 61 78 52 51 56 49 16 25 63 67 22 59 82 83
65 65 14 71 8 57 9 1 87 69 42 52 11 43 83 91 87 15 63 65 17 75 8 90 34 47 39 49 44 42 88 23 83 52 57 85 7 95 41 66 28 93 17 60 78 67 25 27 59 93
92 43 58 98 39 6 37 48 17 14 56 66 92 52 15 66 49 1 6 83 15 47 71 91 71 74 85 6 62 79 91 70 99 61 62 8 49 55 66 92 85 99 10 22 88 23 48 56 57 40
12 28 9 55 42 44 64 76 3 17 90 88 87 63 9 67 22 39 72 5 25 32 82 14 75 43 40 19 32 37 82 42 58 12 50 61 96 9 34 81 83 64 41 58 8 66 59 91 55 24
59 87 6 11 2 1 94 57 88 35 66 28 95 27 49 71 95 87 1 95 5 41 45 61 56 66 3 0 1 42 32 66 10 98 95 16 39 75 94 32 3 48 45 12 37 39 33 49 95 43
0 62 95 49 7 92 26 40 68 0 14 61 47 97 99 29 85 5 2 61 16 42 43 58 34 35 31 89 41 48 0 86 53 79 91 75 38 7 24 42 43 97 57 14 28 1 80 96 48 61
82 16 80 47 2 42 71 52 36 47 15 14 87 25 19 89 97 65 77 41 17 87 67 96 51 19 8 3 83 30 36 18 94 25 90 79 65 93 6 8 84 69 91 4 32 48 33 72 1 72
10 8 55 80 43 38 46 28 7 90 64 45 28 77 64 71 5 0 77 23 30 48 94 55 57 46 47 46 60 28 39 98 88 68 54 43 91 13 22 66 75 74 86 41 42 13 5 10 81 70
18 68 53 0 20 50 98 30 6 2 73 39 12 92 97 73 29 47 60 59 12 27 89 71 44 99 7 98 40 30 73 30 42 54 12 4 40 18 99 7 43 41 55 90 98 77 54 7 89 4
39 3 27 99 61 17 41 46 11 43 91 76 86 68 0 93 89 89 86 57 30 87 59 99 89 55 19 65 75 71 26 67 10 44 66 73 35 67 20 92 75 18 64 77 29 35 23 96 34 93
89 84 12 96 20 29 8 88 62 1 66 32 46 38 99 36 18 83 46 17 45 43 97 56 5 27 31 90 58 42 95 37 82 24 57 92 68 54 48 99 75 17 37 21 64 43 69 55 46 54
30 14 10 16 84 30 81 25 30 64 27 44 39 83 57 60 41 80 9 19 79 79 8 37 50 43 1 97 36 89 8 78 38 37 59 23 81 3 95 58 70 33 10 88 8 53 24 1 8 53
80 56 76 64 6 72 79 27 76 77 87 37 45 26 47 57 71 63 12 71 95 56 8 1 71 39 81 58 13 36 16 56 31 27 36 55 28 31 18 90 97 79 77 50 39 9 78 44 90 96
55 88 31 13 11 36 10 12 86 95 67 74 23 53 93 3 2 54 14 98 85 87 11 92 47 0 47 44 77 36 14 82 91 97 80 39 74 46 64 83 15 18 36 68 83 5 49 77 77 42
21 63 15 64 69 38 51 4 64 50 41 19 39 51 36 34 0 3 42 68 4 4 72 48 37 56 86 43 32 3 95 7 39 46 9 51 2 74 43 97 35 60 85 58 7 72 47 5 93 43
66 5 89 11 88 23 7 76 6 45 28 79 9 79 41 19 35 84 70 43 93 53 30 31 55 87 69 6 34 20 22 53 88 83 82 87 2 18 67 95 84 17 67 92 32 70 94 36 34 90
53 78 72 85 99 36 27 57 29 17 93 37 65 60 0 59 63 71 7 29 14 85 91 1 85 25 12 97 78 48 72 52 27 49 38 76 50 57 98 31 13 99 63 43 15 63 28 41 26 22
81 43 41 90 83 62 43 11 8 61 65 73 61 86 81 30 15 54 51 88 71 15 21 60 15 14 75 88 10 28 69 38 74 41 5 93 57 30 4 91 97 64 45 13 97 81 41 6 66 27
74 29 78 8 46 30 45 23 66 99 0 23 55 28 41 3 17 69 38 84 80 11 56 7 81 78 47 92 96 3 39 43 63 53 17 55 23 65 16 6 68 29 12 88 32 47 15 51 93 34
57 94 38 41 15 71 79 42 13 61 4 98 18 68 59 9 73 47 58 23 96 41 88 45 84 7 97 88 72 22 1 17 50 38 61 71 15 55 15 77 36 98 69 81 18 10 57 71 66 4
70 73 62 7 53 61 18 1 36 96 8 2 22 21 78 81 67 92 6 98 26 84 63 21 77 83 16 11 20 6 42 43 94 86 95 80 83 87 82 60 61 25 66 20 50 84 58 9 97 45
12 25 23 83 58 66 57 74 1 21 40 39 38 72 70 90 12 43 11 0 87 60 79 39 65 33 66 17 85 97 29 4 72 75 2 23 87 90 46 97 74 69 62 62 65 26 36 73 22 99
32 6 84 13 10 86 86 26 12 77 34 57 20 31 27 93 10 33 87 86 5 55 41 31 90 5 6 17 43 5 60 52 50 42 40 15 24 99 23 2 88 6 41 30 94 14 40 74 15 42
92 2 92 64 92 68 24 35 68 13 10 80 87 21 86 95 63 25 87 7 82 20 26 38 19 20 51 4 2 74 8 50 21 91 23 68 80 56 59 57 94 64 15 16 42 40 39 73 86 80
53 32 73 5 62 6 77 4 75 33 6 26 93 91 31 58 64 89 29 21 47 18 71 40 11 62 91 97 34 72 12 3 10 14 98 44 83 31 53 18 75 8 70 62 94 5 75 19 93 39
92 35 64 4 91 98 79 64 84 53 33 64 80 79 63 84 35 35 40 63 43 75 3 31 30 33 17 56 62 13 49 24 73 76 71 45 71 37 70 31 60 96 10 36 59 75 57 10 66 82
37 91 65 67 98 93 4 53 54 89 22 37 62 43 24 92 65 18 42 85 48 16 32 37 75 13 90 96 23 30 95 38 42 76 25 55 94 7 33 1 58 74 57 64 94 36 4 53 38 57
63 33 41 66 16 8 17 62 65 87 95 75 34 29 72 58 11 61 19 45 17 69 33 94 86 21 24 89 45 6 65 81 76 45 84 32 74 47 86 56 35 35 6 82 71 10 8 11 14 96
63 51 38 47 34 33 48 24 68 88 58 33 35 72 71 90 99 56 56 54 90 23 54 83 74 92 85 17 68 77 17 51 17 93 13 0 38 26 54 0 43 0 21 61 42 92 38 66 73 79
92 26 76 27 60 78 58 92 87 53 55 33 88 66 80 15 44 50 9 40 81 90 16 9 42 29 82 63 5 71 50 30 41 16 16 51 71 99 52 95 63 25 17 42 81 25 96 99 15 32
11 51 76 72 74 31 69 60 65 7 45 29 50 45 52 24 87 2 47 76 34 79 76 15 16 69 6 80 70 69 21 14 24 13 12 38 68 57 64 66 19 48 31 15 37 21 11 3 28 38
82 35 33 55 80 24 84 16 18 49 36 35 74 54 18 77 89 55 69 59 38 85 46 71 53 34 58 5 11 46 15 25 75 74 4 55 20 83 16 77 30 55 92 69 16 57 23 95 71 0
82 67 63 68 6 55 94 36 31 93 47 18 55 37 46 8 22 2 33 88 50 55 7 68 54 90 3 95 88 69 97 24 90 78 3 7 19 45 6 87 39 33 64 50 63 24 94 24 89 86
59 8 37 58 32 43 50 99 34 46 34 37 45 13 28 78 47 58 55 82 74 84 47 19 41 2 16 66 37 54 59 78 57 84 95 22 89 44 78 11 65 95 49 46 71 80 48 74 60 58
69 66 91 43 55 54 40 56 5 4 67 46 56 99 36 45 72 83 95 21 6 35 56 37 36 20 6 72 69 87 6 89 78 55 17 70 10 41 36 43 96 94 31 86 18 94 85 58 33 63
45 34 70 39 44 77 3 31 6 15 49 99 27 56 51 33 51 8 22 4 38 41 2 1 53 14 52 12 55 25 81 66 84 66 16 2 23 5 62 63 83 27 18 45 59 55 50 77 18 71
3 81 57 26 17 80 31 9 67 71 25 83 68 87 50 18 16 93 31 49 57 64 82 0 11 54 37 29 34 28 16 68 42 79 67 18 44 7 49 7 1 51 29 70 54 69 83 75 55 52
31 13 0 0 96 98 39 46 47 25 63 52 52 79 78 67 83 58 24 14 98 82 84 12 97 54 48 80 84 46 21 23 98 52 75 7 99 78 19 74 98 33 36 72 24 88 2 37 10 50
61 45 29 92 51 87 68 93 47 81 99 62 39 49 38 58 9 28 93 23 90 27 86 92 66 22 42 31 54 84 49 43 19 21 34 34 32 27 85 27 39 26 87 78 97 5 41 43 39 59
26 71 95 20 77 49 8 78 75 91 70 27 20 32 55 59 2 60 41 64 52 57 15 89 74 72 61 55 94 47 71 18 24 58 33 61 3 61 58 49 32 28 59 87 56 4 7 18 86 52
58 9 50 45 51 79 96 45 33 89 85 9 96 41 41 97 80 71 98 82 8 24 63 30 16 52 64 65 50 47 72 11 80 54 54 41 81 21 38 15 3 78 80 66 73 68 63 3 19 55
78 8 69 63 82 11 58 33 28 81 61 71 45 3 44 1 94 43 12 19 83 98 59 21 11 78 42 60 23 14 94 80 48 97 10 8 41 91 0 65 12 5 20 16 86 31 76 66 74 2
0 89 39 15 90 10 72 18 13 59 64 90 46 90 83 79 75 85 83 63 5 76 68 22 90 49 87 25 79 59 68 8 37 54 45 94 40 81 90 64 61 37 99 45 67 39 55 89 88 20
62 21 32 9 84 0 40 19 21 95 87 42 19 76 64 41 33 79 15 78 9 19 14 85 2 7 33 53 87 87 8 4 28 89 57 64 75 37 43 79 74 35 47 98 35 15 12 3 50 93
10 77 25 26 40 46 58 30 68 77 14 71 58 17 15 23 16 85 70 69 6 40 45 34 2 37 42 16 41 57 49 66 93 70 17 86 20 90 23 38 56 34 92 67 90 80 35 30 12 1
33 17 35 95 90 35 49 32 33 7 68 91 63 21 89 76 13 33 1 7 55 0 12 56 43 6 20 34 33 31 36 79 81 53 55 22 63 6 6 9 72 52 11 58 29 98 75 94 55 56
68 27 50 50 48 37 15 72 85 2 36 81 58 98 69 78 57 58 69 95 90 88 17 19 57 5 92 74 8 44 77 14 50 79 69 4 62 51 31 13 6 4 55 72 22 89 65 48 43 94
91 38 84 1 50 12 58 89 20 98 1 74 74 72 27 63 7 78 12 54 2 19 12 57 22 80 85 49 68 94 83 89 2 34 8 48 1 94 78 69 30 56 61 15 63 75 41 74 24 93
30 54 31 46 98 22 33 99 81 49 44 47 33 93 37 4 37 92 60 31 41 2 51 39 0 1 80 20 92 82 26 43 31 62 86 74 66 3 8 28 87 46 62 79 93 83 61 48 38 81
40 1 13 70 27 49 33 23 6 54 31 87 71 0 60 72 61 9 19 52 11 50 45 26 86 62 86 78 16 67 33 88 63 57 16 87 23 87 92 18 24 98 63 85 25 85 26 81 24 69
47 57 72 3 90 74 33 44 55 30 69 37 85 20 75 33 59 17 66 75 52 24 72 76 87 30 66 61 84 83 83 80 78 36 23 0 70 27 37 35 37 44 20 82 51 9 13 16 49 62
85 82 6 43 12 1 99 62 42 66 49 0 86 79 37 55 31 9 42 60 37 0 74 34 4 41 66 5 12 44 27 27 35 39 46 87 33 61 87 68 65 18 67 81 29 56 95 14 46 92
74 14 64 97 40 53 4 87 33 27 68 24 23 35 15 56 74 47 13 74 7 96 63 54 44 74 19 45 61 88 5 45 19 95 39 95 65 53 57 96 58 43 14 82 30 80 30 58 25 49
73 94 63 3 86 18 66 95 12 2 21 44 3 53 64 74 22 31 9 24 36 63 42 41 14 28 26 94 1 37 86 82 88 98 52 68 35 58 19 3 67 47 97 90 14 83 97 14 2 75
