62 77 91 87 73 50 54 45 71 10 66 88 68 25 40 36 48 85 65 46 73 35 59 22 98 88 57 12 72 27 4 33 74 3 30 46 29 94 4 77 73 70 94 76 69 27 71 43 76 82
62 34 35 28 86 25 81 97 83 4 20 89 79 51 46 27 87 35 46 62 91 74 15 79 0 87 89 28 36 0 39 58 90 77 18 30 42 64 67 21 71 97 59 60 23 28 36 16 17 2
20 90 95 92 75 10 96 75 10 57 20 72 67 31 81 12 18 61 71 25 90 43 8 49 74 65 93 4 30 78 90 13 71 96 99 37 4 87 74 85 76 52 74 91 9 98 38 51 30 89
37 53 86 73 93 10 2 98 65 61 93 51 19 16 95 51 31 57 3 61 75 75 26 64 89 60 55 74 72 73 40 46 28 88 94 42 30 42 72 73 88 77 92 15 37 97 70 28 2 63
93 14 18 62 46 79 92 69 39 83 43 88 12 71 77 21 1 87 45 72 78 7 50 39 59 8 5 30 99 13 99 0 31 73 76 28 54 55 99 14 58 20 38 56 16 13 86 50 37 36
55 27 92 91 58 89 67 33 39 61 62 84 82 56 55 77 30 83 90 3 73 34 43 28 47 7 17 26 48 81 54 55 90 18 59 95 21 33 13 59 24 7 10 17 7 96 35 90 9 40
19 89 78 97 80 48 82 48 62 72 72 97 30 15 91 42 33 44 98 55 74 98 99 67 36 90 78 11 80 29 1 97 47 60 97 4 27 43 42 34 11 55 8 71 12 94 15 4 32 72
75 78 78 21 58 1 54 94 31 87 99 67 54 13 78 80 64 57 80 77 27 14 48 18 10 56 7 94 52 64 69 43 24 83 39 43 48 30 24 15 49 35 37 97 18 21 62 38 78 67
76 42 21 55 23 7 86 92 31 95 25 70 32 60 66 77 18 65 14 72 16 95 74 27 2 83 83 70 10 8 32 70 20 64 17 92 40 10 67 18 30 34 84 74 39 75 13 96 1 80
31 87 76 50 83 0 22 13 76 38 48 91 34 40 34 61 9 39 89 7 10 81 7 98 89 42 43 35 7 0 78 33 76 3 9 14 87 58 14 68 61 80 12 59 18 58 61 23 34 62
18 18 88 96 97 0 74 56 44 38 35 92 3 95 82 78 28 25 29 0 75 81 54 71 6 40 13 72 75 65 86 42 12 71 27 49 42 27 49 80 89 38 61 7 34 40 46 89 32 38
48 45 0 85 1 4 11 41 51 98 68 68 84 7 65 17 3 64 72 8 70 10 2 89 18 94 57 64 40 86 55 86 80 71 70 36 80 30 70 72 25 55 67 50 52 49 87 4 16 53
42 10 57 33 92 30 79 36 66 71 94 6 19 55 27 19 44 54 17 73 64 91 86 93 36 86 18 2 16 57 24 75 47 76 78 9 59 41 0 74 23 61 32 84 5 62 66 47 40 5
61 94 1 36 48 4 61 1 13 0 0 96 32 70 79 70 73 93 81 25 79 55 15 9 64 4 21 53 97 41 69 56 29 89 89 21 54 53 7 42 72 43 13 56 99 17 27 64 13 61
51 80 2 20 29 61 94 28 95 18 45 58 26 32 71 82 84 31 87 53 99 41 30 69 35 88 67 32 28 24 65 81 65 12 79 82 68 93 11 33 52 9 0 65 80 40 4 67 40 86
52 45 30 31 40 0 17 30 25 53 52 46 48 2 5 87 82 42 32 59 43 11 37 25 98 36 47 89 21 75 88 67 79 39 60 89 15 39 13 15 37 4 11 90 69 73 65 21 8 37
78 75 78 99 83 78 97 53 98 58 24 44 55 76 67 72 30 82 19 93 14 80 59 66 83 76 41 2 73 6 32 24 49 8 49 54 74 21 59 52 98 93 64 93 81 22 60 81 76 62
63 61 34 67 23 24 33 67 25 41 19 60 44 70 26 85 8 31 8 19 74 71 64 31 37 5 81 47 84 20 94 66 18 7 15 83 35 37 77 38 38 14 87 11 56 12 86 58 63 80
56 90 76 0 3 72 88 86 76 60 36 12 56 38 32 60 25 48 78 43 67 43 94 86 52 90 15 63 28 96 87 81 6 32 10 22 97 65 3 64 20 94 72 45 1 69 32 82 72 29
57 1 90 40 19 47 0 75 11 64 27 38 4 14 38 0 2 69 38 13 81 13 26 48 23 75 7 4 74 69 83 81 67 43 5 69 89 36 16 91 3 19 9 76 77 11 33 38 11 39
75 13 91 80 19 45 58 39 93 32 92 69 39 75 84 69 12 85 86 73 91 99 64 23 64 5 49 60 85 81 63 4 62 3 36 49 2 18 62 86 65 21 60 57 72 38 8 90 28 79
33 85 54 76 18 7 87 68 7 98 41 77 33 95 30 49 20 11 33 81 43 26 80 20 17 86 30 54 29 2 52 74 6 69 79 7 10 82 15 2 59 10 86 43 6 41 15 54 83 10
29 33 43 63 23 35 13 44 22 73 51 1 39 83 92 44 3 11 27 30 10 44 52 95 1 34 15 73 21 7 37 41 97 36 6 64 6 50 94 92 94 0 33 98 49 11 37 59 51 40
79 91 49 55 71 91 17 53 63 19 22 25 11 81 86 75 88 28 99 37 30 20 76 58 94 32 16 92 44 90 28 29 12 33 89 5 67 94 14 78 45 63 93 75 92 13 72 65 50 89
33 75 67 37 86 30 93 90 60 2 81 98 16 34 65 65 73 58 32 42 35 68 7 64 30 34 28 94 9 93 55 66 4 86 12 23 49 96 25 83 23 27 58 80 60 86 20 11 0 20
65 30 22 38 66 35 54 79 74 9 91 26 53 51 17 9 32 1 2 12 31 48 75 47 13 23 56 38 50 36 69 82 46 1 88 37 42 36 11 54 46 11 13 72 77 94 63 23 42 70
47 4 94 33 74 65 11 18 39 9 78 53 33 47 38 33 34 88 38 65 77 34 5 83 68 97 86 54 25 58 68 30 2 89 89 64 87 17 68 91 96 68 57 70 23 19 73 57 18 64
36 82 94 84 71 97 75 54 50 71 85 93 8 42 96 64 78 32 50 37 0 89 30 3 0 20 21 96 61 43 31 6 52 43 7 66 68 87 23 80 73 61 44 31 96 3 54 34 30 56
10 52 91 54 43 84 92 11 4 82 46 75 83 33 55 86 54 17 49 18 35 44 70 50 45 50 36 18 53 67 61 71 56 64 12 91 49 89 93 58 74 78 93 36 6 55 54 94 66 72
5 77 3 81 16 76 99 15 1 42 73 21 51 46 41 19 42 6 7 55 19 56 7 31 5 38 8 65 93 17 68 46 24 97 10 86 28 29 96 59 26 21 46 33 90 52 86 10 90 67
0 84 64 68 23 13 46 1 77 56 46 33 21 61 93 62 95 25 39 0 35 4 98 83 39 6 51 75 44 70 93 23 63 69 7 31 25 98 14 79 48 38 22 35 71 53 86 36 77 41
45 17 52 25 28 42 4 11 40 9 23 51 42 34 76 85 44 22 5 9 98 24 85 52 15 3 79 77 37 81 16 85 86 47 33 50 92 2 3 23 21 12 20 67 32 82 44 67 54 44
58 2 55 86 80 88 19 99 4 55 8 72 83 85 64 27 91 97 20 11 46 88 60 93 11 39 45 23 24 25 75 72 40 16 98 97 39 87 32 33 47 18 19 90 90 47 30 26 85 41
12 84 60 28 49 44 45 56 32 34 13 70 32 76 18 62 41 3 50 70 82 97 36 26 87 74 93 16 98 29 92 87 39 87 49 81 71 64 35 98 44 12 86 13 99 92 5 89 86 67
65 27 61 46 16 78 3 19 38 76 0 24 69 54 11 65 18 74 98 99 32 36 72 32 49 22 81 28 15 84 55 28 98 32 52 57 47 26 93 84 99 89 54 67 71 56 79 84 68 19
15 49 29 21 24 21 33 55 21 56 5 42 59 89 31 19 29 33 75 32 8 25 33 61 56 38 89 30 20 56 91 73 18 12 66 87 70 77 77 89 67 29 57 91 80 69 91 58 53 88
88 49 68 63 58 56 74 22 85 21 54 91 79 88 62 47 2 61 84 74 12 26 78 23 12 36 64 14 61 4 53 63 25 40 43 7 33 70 86 50 3 24 51 67 97 11 33 91 72 81
30 24 90 63 93 60 16 61 9 48 0 19 11 24 61 62 76 27 29 50 69 33 6 20 46 67 20 63 49 20 95 66 18 91 48 93 83 49 71 69 20 64 74 66 85 37 75 90 26 3
21 7 22 77 71 95 62 5 9 69 62 98 47 0 89 6 96 26 56 92 98 92 17 90 84 80 44 12 94 80 19 34 78 33 80 39 56 50 80 60 85 77 32 96 2 76 82 15 25 46
62 82 27 4 54 84 24 44 40 50 55 16 96 91 27 48 55 25 69 74 13 13 74 27 64 33 15 19 61 65 60 70 92 42 47 91 51 9 73 34 81 36 92 6 61 16 27 2 73 54
47 18 21 83 70 96 4 87 99 45 20 94 68 73 13 46 45 41 38 81 71 73 36 30 84 97 42 47 15 11 3 89 45 73 40 9 18 56 93 84 65 22 22 84 38 29 50 38 32 94
17 4 69 44 71 37 65 17 10 19 67 68 4 91 53 65 76 54 89 97 76 82 34 62 83 27 92 53 69 43 92 36 32 46 63 36 9 64 29 71 5 46 88 86 77 83 18 69 60 87
56 19 20 51 85 25 32 56 38 7 45 28 56 2 72 81 95 12 98 96 40 61 9 69 32 40 57 1 35 15 69 97 49 65 78 52 61 88 51 78 74 80 79 47 67 62 14 96 81 45
1 70 97 52 34 96 87 47 49 38 14 40 45 63 24 96 45 40 35 28 37 88 53 70 65 48 20 31 94 58 82 70 27 18 33 37 5 46 96 51 26 14 33 10 70 46 35 70 12 5
28 15 69 49 37 44 89 76 82 38 99 56 14 59 35 75 40 32 90 51 18 31 74 11 5 85 39 25 25 69 83 7 28 28 81 15 71 4 63 98 65 6 48 19 40 7 91 68 91 15
41 63 99 60 91 32 98 21 41 4 46 96 5 84 72 2 80 5 14 18 91 3 39 4 17 87 53 97 94 77 68 62 40 28 2 46 59 29 11 20 37 32 31 98 81 94 0 25 73 94
76 90 63 32 25 31 3 17 18 82 54 28 98 20 78 61 80 63 46 31 93 94 58 58 98 2 86 66 3 54 6 90 54 75 1 69 52 81 46 29 62 78 25 96 44 24 92 43 18 54
27 24 48 6 40 99 11 16 72 89 52 15 67 83 3 91 60 88 95 23 52 5 47 94 22 16 40 85 15 65 80 59 83 42 24 43 73 8 77 85 4 0 29 25 84 83 99 64 54 76
92 7 79 59 35 7 25 56 44 33 46 88 86 34 49 36 57 91 30 17 18 60 44 67 43 79 14 96 76 5 50 47 69 39 27 88 25 11 40 10 20 70 33 82 65 16 18 47 39 68
40 29 8 66 29 76 37 20 47 25 62 25 92 77 2 20 61 45 36 1 38 49 42 90 94 85 81 73 70 65 77 94 43 24 25 6 37 45 30 93 10 10 56 62 58 2 19 22 43 45
40 65 94 96 11 99 57 24 37 84 87 78 3 67 68 79 58 89 43 62 22 51 52 57 4 91 45 59 89 70 74 34 42 92 42 89 65 93 57 88 66 91 22 20 34 44 27 49 38 36
20 31 63 99 42 12 79 87 10 61 42 6 5 69 84 44 10 46 75 27 95 21 10 68 13 96 31 34 38 43 6 52 3 68 50 12 38 63 15 84 14 30 3 81 82 44 99 75 87 65
27 23 99 22 86 33 35 31 77 49 0 19 73 78 78 44 43 24 15 12 0 32 42 18 54 55 54 16 91 0 39 85 11 93 13 29 82 19 92 41 79 38 83 44 31 42 69 97 63 51
66 13 77 8 80 22 54 6 13 50 19 61 57 46 59 97 94 40 52 63 81 72 97 58 26 31 86 70 26 62 62 31 48 48 26 50 12 89 53 90 42 51 3 4 99 67 44 34 81 17
29 69 42 28 45 87 37 88 44 64 82 88 70 41 98 78 86 63 64 18 26 74 95 14 70 59 74 56 67 4 5 8 13 25 42 62 76 33 3 79 17 64 32 21 34 28 71 58 4 57
67 55 18 96 53 59 26 77 69 58 21 37 39 28 33 30 58 22 61 47 23 10 23 24 34 87 26 48 82 8 49 89 18 65 91 99 67 95 99 93 24 70 35 27 41 19 82 31 54 65
92 60 98 69 86 87 5 66 56 62 65 40 9 60 34 28 86 33 70 70 62 3 40 13 71 72 50 13 69 32 44 82 4 19 30 90 35 20 78 72 61 28 85 47 70 37 70 11 81 79
43 5 88 89 57 97 8 55 31 12 11 20 83 39 80 59 42 80 72 60 15 28 75 4 78 84 51 85 79 27 66 78 2 33 93 1 54 76 97 14 33 46 75 38 67 90 75 34 0 82
77 66 39 43 54 89 82 46 4 6 20 53 5 65 33 20 68 34 64 83 22 61 41 47 59 23 60 70 38 80 38 21 22 41 69 75 70 76 47 3 94 42 75 29 70 65 87 82 20 59
20 37 13 96 41 43 12 48 96 36 79 6 94 14 74 36 34 95 95 82 11 96 87 86 64 17 72 19 74 86 11 61 3 41 58 72 14 33 33 43 80 69 7 84 63 83 40 77 1 31
86 30 31 66 99 13 74 22 4 32 20 0 25 47 79 95 78 79 15 62 23 99 70 4 62 51 28 75 99 8 82 20 87 50 25 20 81 27 90 69 19 13 54 34 22 9 32 33 27 35
47 27 92 22 19 72 21 56 69 72 24 49 1 71 25 83 44 90 49 47 15 35 25 94 35 29 44 79 57 21 32 33 63 15 30 24 44 7 81 62 29 70 1 8 48 2 96 26 7 44
37 5 79 1 0 17 91 93 56 58 27 26 48 66 91 18 77 91 8 34 82 32 51 62 90 71 75 49 78 39 69 75 88 86 39 15 8 49 73 30 46 19 20 47 84 7 15 40 82 72
28 48 15 73 94 52 88 18 26 8 46 49 61 34 62 64 73 56 59 59 50 55 19 40 57 52 7 64 42 60 15 75 25 51 90 55 87 28 47 14 45 82 75 30 12 96 98 65 10 34
47 68 99 16 78 8 14 84 79 17 99 64 84 11 72 53 22 64 22 34 51 66 17 8 59 3 33 17 11 70 76 23 98 60 53 1 70 34 84 84 5 88 48 1 77 7 72 16 30 92
4 19 88 21 74 63 4 82 45 57 95 85 45 23 69 97 48 98 28 42 3 57 19 30 68 81 91 86 50 46 58 67 51 52 51 19 77 30 17 74 61 47 70 24 99 77 40 51 90 21
23 32 78 43 96 30 66 82 67 90 50 81 20 38 74 26 10 20 7 31 70 85 43 28 63 76 2 33 89 52 13 10 29 76 79 49 32 89 24 23 88 89 23 8 31 17 22 93 23 88
4 82 29 56 10 2 80 42 27 16 5 65 95 47 98 61 10 17 38 43 77 62 83 97 59 2 73 18 92 25 83 69 1 11 26 83 22 34 61 73 9 39 1 80 5 20 65 61 88 56
15 86 34 24 5 64 75 54 70 0 29 94 49 89 89 48 55 20 14 20 87 99 76 59 64 72 11 82 66 63 8 81 64 3 39 32 65 21 41 81 93 96 27 14 36 73 54 73 97 49
23 31 96 23 82 75 40 74 35 59 38 82 67 53 53 76 88 43 23 23 12 78 46 71 71 26 20 9 88 13 56 59 89 0 67 83 66 47 26 37 14 88 83 40 92 20 55 3 70 73
28 22 3 40 7 49 38 93 65 93 84 72 82 16 13 74 39 67 26 45 92 48 77 62 25 68 76 59 9 90 52 31 84 84 3 5 55 47 24 12 72 43 37 61 87 55 86 80 36 72
97 33 60 99 70 87 21 96 78 45 79 93 40 11 16 70 57 43 13 30 69 90 70 93 36 5 90 92 92 3 87 61 13 81 80 29 98 80 67 34 56 23 46 6 56 5 12 99 98 26
95 8 70 34 87 0 51 44 77 78 2 45 98 18 60 80 51 87 11 4 43 11 71 21 81 54 36 52 23 59 63 81 74 23 35 59 49 16 39 70 26 46 82 92 41 2 87 84 64 99
90 67 71 10 29 79 85 64 23 25 94 12 43 40 23 68 1 35 88 28 1 32 83 43 85 27 35 55 56 85 88 98 3 66 8 84 43 98 49 9 21 55 57 82 4 7 6 87 64 13
56 8 69 74 86 62 27 32 69 0 30 31 84 7 66 30 69 91 34 55 62 67 5 29 73 81 13 73 74 55 31 82 3 35 80 48 62 62 88 83 31 98 87 21 38 27 71 12 44 94
95 71 3 2 36 87 71 72 36 41 84 85 17 86 87 15 59 10 14 37 82 49 32 58 96 39 13 81 51 22 22 37 91 7 5 84 28 95 31 2 15 2 90 89 57 49 9 84 7 58
15 44 5 45 18 87 24 80 53 61 36 13 33 92 33 36 14 41 4 64 1 98 31 25 60 93 78 18 12 4 87 22 12 35 41 66 48 18 50 54 56 76 87 52 88 17 66 76 90 73
50 6 27 98 63 92 74 52 33 70 73 63 53 1 84 85 54 19 30 87 25 71 44 49 86 31 56 27 67 73 99 15 19 17 21 97 77 48 28 56 36 76 3 0 34 2 32 24 81 44
77 21 69 95 66 2 86 87 98 32 9 71 27 70 57 41 79 90 17 63 25 71 87 60 81 28 31 91 29 50 94 45 81 28 73 37 96 33 52 42 4 68 93 69 8 16 38 15 20 3
31 34 87 64 51 37 49 75 30 22 2 38 29 56 15 66 8 29 60 54 72 93 75 42 66 83 34 44 9 14 14 4 42 17 92 42 46 0 72 13 5 98 16 67 21 95 94 81 92 60
21 8 95 20 64 32 66 73 30 69 47 56 92 46 27 42 24 93 50 75 96 2 86 54 26 25 34 95 64 29 51 69 52 18 94 45 71 79 99 48 46 57 41 62 0 96 72 59 25 52
73 47 45 74 91 49 83 47 9 68 3 89 28 48 50 71 44 50 34 47 23 39 59 19 28 61 93 8 0 88 45 59 96 0 45 61 55 76 14 21 16 38 65 67 73 5 30 32 89 60
74 25 58 76 24 84 57 88 83 71 94 52 51 92 91 42 53 7 55 33 20 0 72 86 19 99 37 22 51 19 9 27 51 28 24 53 44 11 21 73 93 44 77 94 0 70 1 69 86 6
60 31 75 63 10 43 86 97 70 58 26 71 57 74 73 40 89 52 9 68 92 5 63 12 3 35 23 87 33 59 22 74 64 27 31 31 76 45 56 29 67 56 89 2 73 40 77 24 47 27
4 78 63 56 55 37 78 60 36 30 33 59 41 16 97 45 31 63 99 40 85 64 32 49 43 17 76 67 31 93 80 55 50 32 60 95 16 43 69 9 57 71 90 6 89 27 23 35 62 98
37 24 31 47 7 38 80 69 73 75 9 41 78 58 67 40 9 45 9 56 11 93 93 24 40 91 82 44 76 6 56 74 55 5 95 33 24 65 98 65 6 93 22 72 73 52 12 75 15 91
8 12 89 34 33 50 50 25 18 0 49 53 72 7 46 51 89 31 22 97 42 21 43 24 63 11 32 63 73 19 50 46 50 83 18 3 75 45 62 57 2 25 49 97 68 94 42 77 34 76
3 98 48 53 27 41 48 44 26 25 73 16 95 21 46 36 93 56 22 42 71 61 57 13 52 57 24 97 20 97 71 68 94 1 35 43 95 92 69 48 28 45 8 19 63 32 96 72 74 43
81 82 7 92 31 21 86 31 87 90 79 80 47 31 49 42 92 83 16 61 29 36 48 41 15 7 98 37 55 49 87 16 46 93 1 42 45 53 76 36 97 16 64 99 18 59 37 85 51 48
60 3 77 67 61 9 16 49 89 64 14 82 33 39 37 20 64 94 3 48 55 38 33 17 1 69 29 98 76 60 80 80 18 80 88 97 31 59 46 49 9 55 37 76 32 35 65 87 39 6
83 39 33 73 13 22 64 90 71 30 69 94 15 56 30 74 63 9 59 59 43 39 3 82 8 78 32 75 44 13 17 37 56 11 9 24 47 1 45 56 29 67 18 39 30 34 26 44 55 54
40 91 35 10 60 29 60 36 24 22 84 75 93 35 69 26 78 57 88 82 49 85 23 83 79 41 25 75 8 85 31 64 96 21 43 55 84 70 86 27 6 33 91 90 21 26 30 70 1 66
29 1 89 58 97 85 6 63 73 48 4 20 94 11 41 34 11 57 85 27 75 19 55 36 23 70 45 26 80 96 35 67 86 31 55 73 53 88 93 96 43 6 80 63 54 2 79 24 62 56
57 25 56 7 29 84 57 77 95 3 70 10 78 66 61 13 89 46 88 55 57 20 53 93 49 29 45 89 67 62 13 1 83 5 92 35 87 90 45 37 41 40 96 47 75 86 52 74 97 75
92 50 21 73 57 67 92 93 24 99 66 0 36 71 52 41 56 5 54 9 96 56 77 72 97 55 95 65 56 64 48 91 24 74 93 51 31 31 17 79 45 89 16 50 30 7 73 81 35 72
87 17 19 89 8 71 1 32 87 34 44 21 96 29 68 37 53 64 29 6 86 91 56 65 37 36 54 42 91 21 19 47 10 45 3 50 7 39 62 76 81 28 29 84 28 68 2 87 83 79
69 51 28 22 57 30 78 32 97 15 6 2 68 87 3 14 2 69 41 91 5 30 68 95 91 53 19 92 50 7 36 81 59 69 12 60 3 88 0 55 40 62 36 97 46 9 40 95 72 90
4 29 55 60 67 44 22 15 61 45 16 54 7 75 59 95 87 55 35 24 0 12 50 32 5 55 19 50 87 8 2 89 50 76 71 95 82 38 36 51 11 66 83 89 32 70 10 74 93 84
65 14 63 13 45 87 70 97 45 8 7 26 98 22 22 92 75 43 62 28 95 30 90 72 42 13 18 4 57 46 9 76 18 85 59 22 90 18 23 91 28 25 78 80 68 16 82 34 96 60
29 76 65 1 69 14 31 93 43 66 74 52 9 55 39 9 38 32 88 80 23 56 96 43 15 66 90 57 65 92 62 22 71 90 34 77 86 49 38 52 96 75 2 79 62 64 4 56 78 12
