46 73 68 44 68 88 39 46 52 31 68 33 47 42 14 27 86 65 45 23 22 0 43 56 18 21 62 28 66 1 89 97 55 72 81 95 87 5 57 38 89 92 35 63 79 88 62 0 56 40
86 99 36 95 31 18 44 66 9 62 39 94 64 48 29 47 50 51 62 50 23 38 1 76 40 61 89 81 83 95 86 15 3 84 83 58 69 90 68 4 20 96 54 39 27 11 4 52 18 65
40 77 96 12 80 25 70 81 39 20 33 76 20 50 55 79 31 60 13 12 53 71 79 63 12 39 21 70 96 41 89 50 67 28 28 19 71 3 21 23 74 43 7 67 63 49 79 26 99 56
85 42 31 18 35 76 61 61 99 39 43 28 97 17 49 62 24 80 68 63 45 79 43 61 86 51 30 9 35 10 76 28 49 12 74 1 42 51 29 47 67 93 90 34 40 38 50 90 61 12
67 41 96 2 9 68 94 32 92 16 82 1 94 75 88 41 75 91 45 20 51 77 48 81 85 99 7 41 13 13 15 4 20 5 20 66 75 52 20 14 24 26 41 4 27 11 52 27 41 47
32 32 75 52 61 9 7 19 92 75 45 9 93 8 85 34 96 80 2 63 56 11 33 7 56 85 11 15 70 42 18 91 14 43 67 32 44 96 26 62 83 73 40 43 10 33 17 89 58 94
43 43 40 70 19 21 55 91 53 90 6 79 96 20 94 57 5 14 34 50 30 10 96 39 39 0 29 71 97 81 80 6 96 64 34 41 76 66 48 91 88 37 57 66 75 62 38 52 89 95
90 64 43 86 91 20 88 43 58 80 15 20 73 80 77 31 59 77 80 39 81 35 50 46 62 75 20 77 96 31 66 12 61 33 66 14 48 55 62 63 5 6 24 38 1 53 41 53 53 12
16 24 36 24 83 66 98 53 60 30 29 3 56 6 52 17 53 8 79 57 26 35 86 59 12 65 22 83 7 59 83 71 70 36 95 25 7 11 70 7 7 67 1 73 0 89 13 68 20 38
25 48 43 1 83 91 74 96 52 28 85 77 53 28 48 68 46 41 54 20 78 82 46 46 71 84 81 54 7 26 85 90 49 43 71 17 75 72 7 83 69 38 74 63 91 18 74 23 13 47
11 18 5 80 79 11 50 53 78 42 5 14 52 12 11 5 62 8 83 61 58 7 53 44 39 90 54 43 69 79 9 93 79 88 40 58 75 96 80 53 88 94 85 88 61 70 39 96 89 33
84 55 70 23 84 22 57 76 87 41 78 48 34 24 51 5 30 65 48 46 40 18 8 52 61 94 9 84 16 65 42 15 46 51 0 39 82 89 99 39 82 92 38 33 7 84 20 12 96 78
69 87 23 44 19 1 57 71 7 36 42 57 70 67 10 60 18 14 44 63 57 48 22 38 77 74 60 63 61 74 9 52 81 51 82 58 75 78 60 55 73 78 48 55 56 3 83 35 22 84
10 2 13 90 96 45 71 71 15 82 25 45 96 29 5 2 37 52 59 67 14 98 84 1 40 62 81 72 36 72 74 2 4 95 32 94 92 47 96 24 68 68 3 44 44 75 86 34 68 44
50 98 26 19 73 67 68 36 91 97 2 89 56 74 95 61 45 58 38 37 51 5 62 1 10 86 80 85 56 26 20 24 36 75 93 92 31 44 94 89 72 49 4 55 78 68 66 92 97 52
12 39 21 54 16 66 8 90 32 23 99 18 4 39 93 62 1 25 36 19 21 56 88 29 98 14 83 96 61 1 46 75 77 30 91 32 37 33 6 58 36 91 67 43 15 88 51 62 37 29
41 11 14 67 60 65 33 18 71 76 21 7 50 60 93 82 36 79 6 59 14 17 91 89 92 22 8 40 64 23 1 98 81 90 25 79 53 16 77 98 34 6 84 15 51 22 76 79 82 41
32 4 20 44 35 99 29 59 46 4 80 32 8 52 9 51 52 5 29 1 96 75 20 77 73 65 18 64 62 53 20 94 44 83 10 31 91 24 43 71 35 83 16 54 50 18 46 74 23 43
88 21 66 8 71 40 80 10 62 37 75 30 55 3 27 99 66 74 35 63 79 77 67 87 44 12 62 71 55 45 47 49 20 44 85 73 97 59 46 4 61 25 67 97 86 81 97 54 36 56
79 64 4 43 12 37 58 6 85 29 92 79 93 19 62 66 20 58 99 74 72 74 68 39 6 66 3 53 98 20 41 17 33 95 5 30 87 24 75 47 84 50 36 86 9 93 91 43 83 84
1 32 33 13 54 0 32 5 16 1 71 63 69 26 45 62 59 84 64 70 96 88 71 48 46 99 73 92 41 52 56 75 93 35 74 31 10 20 29 2 93 94 54 86 44 24 33 55 29 98
79 56 51 7 76 82 6 25 53 40 3 79 24 76 50 90 47 83 9 3 16 0 5 36 64 36 1 83 28 53 0 59 48 46 17 23 99 92 6 45 59 28 55 82 39 97 40 50 57 23
44 78 50 44 83 30 29 72 17 86 23 86 61 64 30 12 1 77 55 75 62 6 5 99 48 19 76 76 84 48 85 18 94 66 35 3 9 47 82 6 82 57 52 95 53 17 86 98 64 0
2 54 31 59 61 65 53 82 80 2 66 3 13 93 57 70 44 33 72 92 20 46 96 87 30 3 50 21 79 61 44 16 66 24 93 25 15 81 74 56 28 72 19 8 23 99 35 6 44 49
38 70 75 66 43 18 21 43 67 26 88 92 82 59 2 27 51 74 4 86 73 45 73 2 39 0 51 73 70 2 46 10 76 14 81 37 41 68 35 11 84 51 8 18 35 53 6 29 60 9
96 40 61 94 54 14 46 64 55 0 78 16 9 83 57 4 0 73 88 90 70 15 76 92 74 98 49 2 55 17 46 68 59 2 1 27 1 58 76 42 43 36 87 60 9 15 74 92 88 19
81 67 5 90 34 9 41 60 97 8 86 61 28 40 39 78 44 49 28 22 66 86 69 53 36 69 25 6 85 96 87 76 7 60 67 53 4 58 47 40 48 44 58 41 65 50 89 62 45 44
85 48 10 64 92 46 54 47 64 48 20 99 4 29 37 67 8 63 57 73 97 73 10 53 32 95 71 83 84 3 16 81 76 93 50 81 64 4 12 44 5 39 6 27 54 11 69 20 54 86
61 49 64 27 58 61 94 38 29 56 76 1 40 96 17 43 39 93 44 2 27 13 49 49 5 14 87 48 35 69 29 79 23 75 12 97 80 0 87 48 16 24 71 78 74 96 56 3 64 84
40 61 16 82 13 53 23 63 78 44 27 26 87 90 16 56 59 62 88 89 84 41 21 59 85 96 81 70 77 65 28 41 65 85 40 89 37 78 63 88 33 59 6 72 90 56 97 51 9 44
15 57 91 91 36 79 65 21 53 46 25 12 98 56 22 42 63 63 22 29 2 38 71 11 3 42 6 80 59 16 42 96 61 35 47 11 59 80 45 61 59 36 19 17 60 74 62 84 38 18
54 16 88 18 34 5 88 51 63 82 34 56 0 72 39 41 5 72 62 29 16 53 71 45 75 89 62 54 26 88 47 43 55 41 89 36 86 53 76 95 66 44 82 88 0 1 96 90 57 93
67 91 66 12 78 48 20 12 25 84 43 87 33 66 87 13 50 6 26 10 78 18 90 72 33 94 72 64 28 65 2 21 67 9 39 63 72 58 42 54 38 9 85 25 44 83 7 10 28 15
80 48 65 11 71 16 43 28 88 20 3 64 50 65 81 83 25 39 26 14 75 30 49 3 4 33 75 4 82 59 75 96 47 34 58 55 75 58 42 27 58 10 14 21 2 95 72 34 80 0
3 89 95 76 31 48 62 78 43 51 42 1 22 51 68 9 18 38 91 98 67 8 80 42 80 47 1 69 3 2 84 9 99 40 78 88 60 0 41 94 85 92 71 87 95 57 51 99 29 42
40 60 94 23 58 55 54 80 62 44 48 41 85 34 86 86 63 11 23 12 58 97 51 22 13 47 30 16 25 85 85 88 64 47 6 63 38 1 6 59 77 71 11 76 55 90 99 57 58 22
76 68 78 3 13 93 41 58 8 0 43 36 80 69 80 17 25 91 17 6 50 82 37 87 37 40 78 55 42 27 68 96 24 25 63 84 32 65 97 57 41 76 11 37 78 64 80 39 50 81
86 14 94 17 46 58 46 95 41 91 58 6 18 33 38 7 91 98 92 33 13 87 88 55 60 13 54 92 43 58 19 26 64 49 76 97 27 73 2 95 1 47 3 38 18 15 67 32 47 72
74 57 61 0 14 2 71 62 75 71 99 24 91 50 93 30 70 61 63 8 19 18 78 2 31 76 98 33 94 80 55 31 66 25 32 46 47 20 43 19 82 8 1 17 33 36 42 12 33 72
34 39 87 26 74 12 64 18 60 23 28 90 51 75 12 63 79 65 29 95 82 85 78 41 82 62 62 4 41 31 1 49 55 48 81 98 61 8 60 27 31 9 57 70 2 11 65 47 6 14
76 80 58 57 49 86 20 45 3 96 62 44 59 7 46 53 75 74 42 78 37 31 96 1 75 34 48 89 65 53 13 59 64 13 34 36 22 2 72 77 15 5 41 61 63 52 93 96 55 42
80 39 16 30 7 58 34 89 39 53 2 62 70 46 11 25 26 71 84 68 62 53 78 39 66 8 22 54 61 4 8 14 23 90 46 74 71 64 58 94 59 10 72 12 34 33 36 91 83 51
2 66 93 76 2 20 71 5 40 39 67 82 91 49 29 7 81 65 31 36 68 3 84 43 9 12 46 20 58 3 94 54 86 1 5 84 33 4 30 39 26 94 11 32 87 92 31 30 21 6
61 86 59 28 40 65 89 50 44 21 14 20 11 15 19 47 39 7 17 82 19 67 10 23 43 98 77 53 32 15 23 65 3 87 20 55 81 96 93 61 94 3 2 44 32 73 62 89 62 14
62 28 16 54 94 58 51 97 48 24 10 65 61 60 45 9 83 0 44 93 42 80 73 65 98 67 23 35 45 3 10 37 98 20 38 0 59 34 49 0 20 57 20 88 65 5 32 74 29 66
3 52 28 61 79 10 10 31 97 45 90 67 97 46 82 82 47 16 58 49 61 45 45 20 83 67 49 91 87 23 78 49 15 71 5 88 82 39 86 65 94 47 57 13 98 96 78 27 92 65
75 0 12 88 23 12 42 16 35 6 20 55 20 48 97 13 97 1 96 1 86 79 10 18 44 27 21 55 4 11 73 33 55 46 55 56 71 60 82 37 82 0 61 72 0 76 45 65 22 91
61 17 17 91 85 53 32 16 56 16 86 4 4 31 81 76 93 72 80 62 15 48 98 79 25 91 21 59 51 12 2 20 85 83 6 64 35 69 98 43 50 14 10 22 28 23 0 28 14 42
28 18 2 32 90 77 36 50 75 62 35 65 42 41 90 34 99 78 86 94 40 80 72 87 50 93 12 76 98 41 55 0 71 41 0 83 84 50 91 54 85 56 58 73 83 43 34 4 90 9
34 89 30 57 85 45 92 65 20 25 54 86 22 27 90 89 34 8 66 20 4 51 73 96 40 87 86 42 94 0 22 62 79 46 86 50 0 4 9 39 88 95 81 84 76 92 18 35 60 31
35 51 51 17 73 70 91 52 93 38 93 62 67 90 71 51 7 71 60 56 82 38 39 66 90 68 37 39 47 91 41 90 22 36 87 32 23 65 86 66 15 16 30 68 59 54 53 62 76 30
37 4 98 98 41 23 64 34 85 17 26 5 43 55 9 82 6 80 28 68 56 3 68 53 90 61 36 72 23 47 97 87 72 41 79 10 0 20 76 7 26 88 61 68 19 57 87 44 86 0
26 60 1 20 17 0 73 93 83 73 17 76 48 90 16 62 25 42 36 30 85 1 68 89 62 33 56 2 8 8 80 82 7 28 9 48 74 14 43 16 21 93 14 64 52 78 77 67 36 33
5 2 40 76 72 59 4 28 69 31 48 90 54 87 85 79 86 42 6 25 70 5 72 29 91 9 86 9 80 85 60 53 30 69 0 88 7 7 14 43 56 82 60 37 86 45 51 92 16 13
18 53 46 93 10 14 52 14 29 85 85 59 59 36 98 35 37 34 25 80 37 37 84 35 17 73 31 11 46 8 70 43 0 29 75 57 64 34 61 97 42 96 25 27 70 75 52 93 17 63
21 82 18 49 97 62 81 39 12 71 85 39 95 39 99 4 11 38 3 2 55 4 73 84 69 86 27 98 3 65 79 28 75 72 23 39 52 62 16 63 86 74 68 35 39 86 54 27 53 51
54 29 16 48 23 20 11 38 46 40 8 37 47 40 79 12 56 7 59 10 3 77 95 35 1 40 55 4 33 44 70 64 57 94 58 9 5 36 47 27 74 8 98 47 25 97 72 45 80 54
36 83 7 51 99 1 72 66 13 42 88 62 60 77 26 24 2 25 31 5 91 46 71 69 7 7 13 56 0 13 81 44 15 9 55 26 36 76 5 49 43 72 80 38 8 44 97 55 87 2
4 91 12 4 41 54 88 49 92 65 41 24 4 69 5 66 4 71 31 42 96 75 31 68 50 22 51 46 73 44 15 82 50 89 90 40 37 44 50 37 8 99 94 2 67 85 72 50 22 43
38 44 98 29 82 47 95 78 30 80 63 84 73 70 47 6 95 24 47 68 95 18 16 22 37 38 79 3 28 41 33 92 96 24 75 79 98 97 83 59 15 74 85 3 17 54 20 82 22 40
12 54 28 37 12 73 18 31 98 46 25 84 6 13 99 24 58 10 71 86 69 75 56 98 14 17 0 86 29 74 37 55 45 94 65 39 0 2 43 51 35 13 99 19 73 97 20 17 73 89
27 43 91 77 92 38 75 92 23 12 43 29 4 0 16 9 99 78 54 36 5 20 91 38 22 48 59 31 44 10 54 3 98 54 90 93 72 84 49 34 98 73 45 14 50 72 49 72 83 38
52 42 57 33 19 98 69 13 35 67 70 88 82 74 26 94 11 49 75 14 90 97 62 8 2 74 99 66 53 76 5 25 4 81 63 37 28 24 59 2 73 62 45 37 28 91 50 42 58 99
64 97 62 6 25 86 80 75 10 84 9 25 76 54 49 23 65 27 70 66 98 52 72 16 19 86 87 2 0 27 66 70 55 79 33 23 31 10 55 9 71 53 47 18 30 86 48 57 10 50
65 97 43 11 90 58 26 87 63 12 7 53 95 46 71 64 7 79 13 74 88 29 90 90 11 16 61 41 18 13 70 48 46 37 93 72 15 16 27 77 77 5 15 9 15 10 54 97 30 65
98 64 97 4 60 98 27 41 93 67 69 99 11 47 45 93 38 86 55 2 78 7 28 23 79 22 50 75 80 27 6 6 96 8 18 9 10 47 32 45 73 79 56 8 31 4 9 84 87 99
15 60 44 58 63 19 65 50 39 3 99 2 31 9 98 75 96 28 77 58 63 94 82 41 44 83 31 10 88 8 27 63 65 76 50 84 3 41 15 22 88 74 80 34 70 56 78 43 55 63
15 38 54 90 99 89 6 20 0 37 5 93 85 19 13 46 84 26 48 54 42 44 10 37 51 27 74 22 51 16 10 67 15 40 89 31 22 90 58 78 36 11 51 26 9 34 80 83 17 13
30 23 97 62 73 76 31 58 20 69 15 87 75 13 9 38 0 14 76 98 52 52 94 14 9 59 64 53 96 48 49 17 26 10 3 47 28 65 91 10 89 25 30 49 35 78 83 8 10 4
7 66 10 79 85 96 54 50 94 97 67 13 35 68 83 75 56 82 49 65 30 73 90 12 30 30 96 76 78 21 81 58 74 20 47 6 9 73 86 48 68 66 77 44 39 31 54 40 78 3
90 35 55 5 57 97 45 43 77 49 60 35 35 18 16 27 32 28 1 22 30 48 69 23 32 50 6 78 13 66 8 2 72 20 77 70 65 7 9 57 1 51 91 62 94 3 12 47 96 91
28 62 56 72 7 10 50 87 86 36 26 44 27 32 30 54 93 46 38 93 82 17 26 54 23 84 86 10 15 45 79 71 65 10 4 98 13 20 91 15 22 38 8 84 7 94 40 80 28 31
27 55 73 86 2 64 80 83 78 91 23 36 51 51 14 35 70 1 42 93 89 39 31 72 26 19 67 15 45 83 98 94 5 13 23 66 73 66 33 67 68 28 34 88 70 67 35 70 31 52
36 8 93 48 55 5 87 82 63 41 83 85 42 49 70 11 66 71 80 1 14 44 1 78 6 55 28 46 46 86 20 69 87 75 54 41 58 21 36 60 54 4 70 55 94 1 4 97 27 18
80 44 37 26 57 24 53 44 30 32 54 55 69 47 40 54 5 27 25 5 30 24 77 3 84 44 24 21 84 63 57 31 27 10 51 90 34 92 33 18 30 63 25 13 13 72 11 12 30 78
51 63 66 9 46 91 39 61 71 71 66 76 66 4 33 32 79 28 43 84 60 66 15 53 85 38 44 57 24 22 43 17 30 65 27 77 56 7 48 0 20 37 64 89 87 74 43 39 5 98
36 21 26 66 92 69 92 31 83 9 34 43 71 81 14 44 82 69 54 92 66 93 8 94 69 32 98 6 3 31 83 46 6 14 89 77 33 76 16 58 54 56 25 94 98 18 81 47 7 66
97 62 98 45 2 57 63 53 89 52 24 48 34 59 71 25 97 41 22 29 27 29 22 6 34 6 17 68 85 92 53 4 57 73 53 51 55 29 78 78 10 37 65 61 57 37 51 24 52 50
82 22 33 46 84 93 25 72 56 11 59 90 83 31 85 15 30 9 32 86 86 27 74 10 99 97 45 52 31 26 89 48 90 54 33 36 1 99 18 51 68 8 58 72 99 14 23 23 42 67
73 26 90 51 36 66 78 75 62 50 7 85 47 38 97 14 42 56 59 94 19 34 87 67 54 14 36 22 22 14 2 33 2 97 49 60 4 65 43 97 31 81 2 68 36 41 68 32 24 72
32 57 12 22 12 37 56 99 84 36 55 29 14 22 9 19 49 2 41 49 75 1 23 36 39 26 73 77 9 57 72 91 66 28 29 33 96 59 85 66 30 17 66 55 98 5 30 64 76 59
83 91 60 40 2 60 73 5 72 22 7 65 71 32 61 43 53 96 52 59 43 95 78 40 54 94 74 31 30 32 38 77 82 82 70 33 21 79 98 32 1 43 63 83 57 64 40 84 35 74
55 93 89 85 46 85 99 80 52 2 56 64 28 81 53 15 3 44 7 69 92 41 79 69 79 80 36 62 92 77 33 16 41 97 44 9 69 67 96 61 91 37 15 32 22 59 62 44 26 39
82 60 6 4 5 45 12 53 39 24 49 68 29 99 50 41 10 75 58 90 42 81 52 96 23 14 0 86 93 34 54 59 2 22 16 99 18 56 53 16 77 30 92 17 72 37 72 18 84 20
85 0 28 84 46 5 77 60 82 26 78 0 55 65 38 63 6 36 15 2 78 94 20 10 90 54 40 54 98 16 27 29 71 43 85 35 76 13 18 55 52 53 0 24 87 87 64 15 18 25
14 99 79 6 24 39 37 70 18 7 64 30 93 43 82 30 51 19 93 36 59 54 25 99 62 92 62 6 18 40 57 28 11 92 28 93 68 55 14 40 47 33 58 43 31 64 16 68 64 67
78 71 81 32 40 36 55 59 29 16 74 99 61 11 55 17 30 62 57 41 64 29 79 68 16 48 45 17 36 80 77 38 63 37 99 61 73 18 2 95 90 99 99 30 45 39 40 38 47 58
16 20 79 83 24 46 36 46 15 28 48 20 8 85 0 78 63 25 84 80 72 79 6 10 97 97 11 41 61 29 34 5 61 56 40 91 51 99 77 10 47 27 25 74 35 49 6 48 23 18
91 69 62 93 41 79 59 2 42 49 24 71 39 35 69 59 88 16 22 3 52 49 99 44 71 39 4 24 38 76 25 56 80 64 0 82 56 5 13 52 87 88 57 88 67 19 83 82 77 30
0 51 3 25 92 90 20 5 71 57 76 36 95 70 85 63 76 81 82 33 76 23 42 8 43 4 19 13 22 77 36 25 91 50 62 27 68 69 68 93 50 67 85 86 61 20 38 63 29 53
27 63 84 21 45 96 64 72 45 62 56 50 3 10 21 7 77 63 57 98 53 84 24 49 71 38 4 74 29 21 40 2 79 55 17 36 56 31 88 33 73 88 3 9 48 91 91 45 94 15
76 37 62 67 76 46 18 16 56 49 12 54 77 75 13 43 3 2 84 82 23 73 13 42 83 16 66 35 52 34 14 3 67 45 72 74 21 45 32 53 7 10 68 69 64 91 95 76 29 41
16 66 37 9 65 32 26 87 7 37 67 57 67 80 29 49 92 31 65 90 87 0 68 22 35 55 31 70 6 21 74 42 35 63 19 48 47 81 81 63 78 48 15 28 63 34 98 93 36 59
71 32 68 63 15 10 37 61 29 46 89 86 83 59 73 29 20 83 58 59 85 13 81 43 66 39 90 83 9 37 99 78 73 42 53 36 26 68 96 26 27 37 23 79 57 42 16 6 62 92
45 47 64 14 27 85 24 34 85 8 85 54 50 29 53 95 13 80 34 85 20 97 87 49 58 69 40 71 48 88 87 71 33 60 6 81 85 59 62 7 72 49 42 55 47 32 55 74 64 75
51 45 66 2 97 35 29 74 52 96 34 72 25 21 30 90 90 57 64 77 55 3 46 62 35 22 41 87 6 28 18 70 51 32 34 29 75 45 13 97 32 60 56 81 56 31 85 47 30 40
72 0 11 26 12 87 94 54 51 83 76 34 10 5 25 30 40 29 22 47 2 93 37 4 18 8 38 31 88 0 18 10 43 45 81 26 4 41 44 74 84 26 51 29 28 12 58 63 2 64
44 93 9 93 17 8 53 90 80 13 44 78 3 31 70 44 56 49 85 1 95 6 80 7 90 32 1 17 15 43 80 53 37 80 79 62 56 16 48 21 48 48 23 37 16 79 51 98 23 62
59 13 87 60 55 52 19 8 98 51 28 23 20 36 35 91 75 55 16 50 58 91 78 44 32 26 68 61 61 16 93 15 25 73 76 28 94 32 71 98 28 56 77 6 63 10 97 6 46 34
43 94 58 61 26 84 55 42 85 39 98 23 61 53 94 22 18 99 46 77 29 78 79 99 22 96 19 11 66 45 46 37 30 24 6 22 4 98 16 50 93 70 2 46 21 24 30 41 88 97
