26 94 46 4 11 71 74 22 32 25 52 85 36 18 26 11 98 83 55 32 28 36 6 86 27 91 3 59 54 5 69 38 14 10 16 43 17 47 60 38 10 74 78 76 84 30 20 26 9 27
90 33 90 37 73 97 47 84 29 71 97 18 99 16 37 6 11 39 5 61 53 73 29 78 70 83 10 30 4 89 32 68 5 49 86 14 22 73 9 57 80 49 89 69 9 67 31 42 91 20
67 77 58 78 47 96 8 18 14 6 22 97 39 93 96 9 22 98 18 78 65 41 48 21 39 20 19 27 30 80 84 76 15 27 8 94 54 84 2 11 67 8 40 96 92 17 33 40 7 27
0 46 16 32 39 37 2 39 17 45 52 89 43 80 35 34 90 27 69 7 29 42 2 45 72 86 81 39 77 81 38 61 45 83 85 48 73 30 43 76 29 42 20 49 24 81 16 50 33 84
33 26 8 15 31 83 77 70 9 74 12 34 85 67 69 48 44 96 71 77 85 58 7 12 21 80 60 76 56 5 75 79 21 57 21 54 88 24 69 44 49 19 90 63 67 91 79 66 69 71
55 28 65 15 73 2 96 80 58 12 90 2 69 12 36 49 13 53 35 4 92 26 41 31 98 23 23 17 29 93 77 92 90 4 17 3 50 53 15 4 68 36 95 94 26 42 6 77 46 57
73 34 94 5 48 77 51 2 89 3 7 80 77 12 31 13 85 6 81 85 47 14 68 21 62 72 91 12 14 24 23 92 89 1 72 21 10 25 13 24 4 64 0 9 4 15 49 60 90 27
22 83 97 59 86 0 76 82 85 65 59 25 36 70 49 33 52 72 30 41 18 83 29 67 56 17 83 99 79 11 2 15 75 1 16 84 40 65 55 95 0 12 86 72 46 22 22 90 31 88
76 96 47 4 46 96 64 51 44 91 69 71 22 48 6 43 74 71 98 2 26 74 17 86 38 82 11 64 21 14 22 43 30 29 47 69 49 56 69 20 44 58 79 65 34 16 26 93 56 1
65 55 81 76 63 26 12 68 42 41 30 50 63 69 16 97 32 71 10 20 80 69 62 53 26 16 68 40 94 46 54 40 80 97 66 44 68 91 85 36 19 3 15 29 79 45 79 13 84 93
25 69 64 21 13 21 2 34 47 60 95 1 33 95 55 91 36 86 43 17 24 19 9 16 93 50 97 59 97 4 10 63 21 60 74 51 29 78 2 54 28 74 50 62 0 90 21 70 19 63
34 70 67 52 2 78 24 10 70 90 61 15 39 4 65 85 81 36 16 67 92 7 42 3 18 29 38 32 75 35 19 82 80 87 61 17 76 71 55 93 18 13 10 25 40 32 50 1 78 12
19 63 58 35 21 25 3 96 42 55 30 24 69 38 40 61 11 57 70 58 59 75 61 48 94 5 90 76 40 19 58 92 32 81 24 25 3 76 74 69 77 50 7 90 67 60 69 56 20 56
14 30 79 23 60 53 17 76 62 22 60 57 43 31 79 2 42 53 56 68 94 89 7 34 16 74 8 66 37 5 53 54 96 52 70 54 57 59 39 3 23 1 57 33 97 35 85 24 79 80
30 64 39 98 21 22 98 20 48 18 98 66 1 53 7 46 84 75 91 74 69 32 22 87 57 60 85 50 68 65 32 50 82 90 79 41 75 33 21 80 85 92 84 35 63 30 98 52 43 45
24 51 39 33 43 80 8 66 56 57 11 12 45 53 38 48 64 30 65 71 47 42 34 94 82 75 51 36 28 2 91 70 99 33 88 23 36 33 86 73 99 71 30 76 35 54 3 38 86 60
4 1 21 8 1 81 3 33 72 67 63 87 31 55 26 26 57 91 66 45 21 98 75 41 66 3 91 21 19 16 60 49 25 84 61 31 52 34 65 85 26 5 11 0 17 87 2 60 29 84
91 7 42 22 45 59 97 36 71 1 28 24 3 26 54 30 16 34 53 55 95 61 69 59 65 16 16 90 51 90 37 99 24 28 43 96 35 70 18 33 74 66 37 63 88 20 17 55 13 12
85 6 43 64 10 41 60 48 28 31 54 32 84 31 1 36 51 46 91 93 42 99 95 99 98 88 51 24 11 87 84 4 17 61 17 27 25 11 32 16 41 64 81 15 86 23 92 50 2 98
97 57 43 65 88 41 28 68 10 54 56 10 34 55 11 92 55 59 19 92 3 37 43 19 48 99 4 72 93 79 8 57 5 98 22 75 87 37 43 17 10 95 32 10 53 19 13 83 26 46
46 9 17 63 84 6 59 52 55 23 18 75 69 28 86 5 2 12 0 88 88 26 81 15 12 11 32 54 85 38 87 41 9 5 50 59 26 88 67 92 73 62 8 18 25 21 3 2 55 36
31 0 15 23 17 96 33 80 1 23 91 9 16 8 89 73 87 54 8 9 18 48 95 86 75 90 31 49 44 56 16 54 43 53 6 19 10 82 86 29 89 49 17 86 60 91 57 85 62 67
45 9 7 56 71 66 84 41 92 67 37 33 8 2 73 40 15 43 93 79 23 39 20 50 99 95 2 59 23 3 86 78 84 15 3 66 5 75 55 57 36 40 11 67 15 89 13 17 62 71
7 47 14 22 67 8 41 95 60 78 3 98 63 25 80 41 89 74 62 14 10 4 33 56 82 42 43 81 76 53 48 56 46 89 90 50 61 27 49 46 59 35 36 28 79 64 34 81 18 0
0 32 72 77 69 57 32 47 56 42 22 65 16 61 85 94 16 55 5 95 47 25 12 45 16 70 54 2 34 66 43 4 91 83 70 2 68 22 26 70 15 34 67 24 98 90 39 56 80 20
49 99 29 63 90 32 98 29 20 61 21 11 80 67 76 49 13 68 85 81 41 40 42 75 21 49 41 52 0 37 68 39 1 43 55 29 60 84 82 5 42 24 65 57 75 82 2 59 71 74
30 18 5 14 16 75 47 6 38 72 74 46 23 50 82 55 21 97 24 69 5 17 79 38 35 58 71 27 21 73 2 8 81 72 88 28 37 75 76 8 80 20 63 75 28 68 49 81 60 60
25 83 33 80 81 15 89 79 18 51 2 22 78 32 80 79 24 15 23 77 85 18 53 43 20 84 60 25 1 44 68 76 63 25 40 42 28 55 58 41 19 21 44 82 77 87 81 57 52 12
13 23 41 15 24 82 91 95 2 45 59 28 15 35 11 69 99 18 11 75 53 60 35 31 98 77 23 64 96 19 80 3 30 71 47 99 9 76 71 54 22 7 8 81 14 43 92 0 31 40
15 84 65 73 10 50 78 59 40 13 28 56 4 93 6 72 82 20 99 5 42 99 25 48 92 53 96 36 39 1 52 42 10 0 62 23 86 11 36 1 22 57 58 89 24 83 86 57 99 33
30 46 86 87 61 3 35 98 65 99 82 26 12 20 32 23 69 75 79 25 55 84 36 64 36 27 83 31 79 68 10 15 26 31 38 60 78 35 14 66 63 90 80 74 40 68 41 50 35 24
72 32 90 52 75 97 26 79 24 36 85 16 96 52 71 92 71 3 86 47 60 63 84 99 94 32 40 34 79 50 53 40 44 82 1 21 26 23 74 91 19 9 82 93 95 4 58 58 96 97
39 77 95 81 21 54 49 7 62 23 70 52 39 80 31 47 88 36 75 53 18 28 16 37 78 88 74 4 55 40 26 80 61 43 13 39 9 20 13 51 95 39 43 19 78 11 7 91 75 80
16 31 25 43 11 40 42 4 91 4 98 78 83 82 71 51 18 45 17 92 70 5 76 58 55 38 93 94 28 47 61 20 55 60 98 86 41 81 18 14 28 77 19 34 20 98 6 4 69 36
82 47 10 75 36 84 22 49 62 29 8 40 57 42 34 53 89 44 38 34 54 9 49 27 90 43 53 41 7 62 86 95 50 64 71 40 46 41 67 16 63 15 65 34 15 32 79 25 5 84
93 97 0 90 92 35 31 57 76 83 9 12 9 35 96 33 56 98 53 80 89 7 32 44 71 86 94 62 39 15 60 29 39 65 59 13 0 13 73 10 43 54 33 37 61 90 25 1 61 34
24 85 43 46 59 8 88 58 31 70 22 40 10 97 31 82 6 48 83 44 61 74 21 69 26 46 33 34 18 0 6 57 94 65 7 84 64 49 54 49 19 85 36 74 44 44 89 65 75 71
85 84 75 55 91 47 94 60 5 10 98 63 63 24 50 90 16 53 4 34 70 95 18 69 33 21 0 62 84 55 63 12 47 61 36 20 62 28 8 63 9 78 94 24 22 92 76 71 15 55
96 85 88 10 99 73 80 27 91 64 31 52 53 38 22 31 95 29 56 58 7 87 65 92 83 51 61 40 60 65 26 31 8 43 52 41 68 1 1 26 97 70 26 66 2 16 75 52 0 71
77 41 29 44 15 61 39 19 53 81 99 90 9 36 44 24 94 82 6 1 54 46 13 73 68 11 12 28 15 52 27 24 65 11 76 18 48 18 34 94 19 76 58 95 36 88 92 96 99 15
44 74 44 29 15 86 5 63 49 77 93 89 56 57 99 95 90 5 33 92 13 10 69 84 20 89 6 42 60 20 23 54 92 85 68 59 32 95 72 10 27 40 26 31 10 80 94 62 77 61
64 61 67 80 4 21 17 25 82 38 94 94 90 71 7 53 90 33 63 76 38 85 48 50 62 72 64 80 54 0 4 38 80 28 21 27 10 29 51 95 36 48 80 95 42 45 62 73 22 55
93 11 9 79 87 35 21 77 75 21 83 82 13 92 40 8 93 17 63 61 68 37 99 4 58 12 29 41 41 31 33 13 7 80 0 48 32 89 43 75 10 22 61 61 5 96 41 3 13 25
47 2 1 59 72 60 36 67 96 17 68 7 89 83 30 32 39 20 42 29 82 62 63 82 95 4 96 78 4 40 61 80 75 13 5 29 97 55 20 92 58 8 8 13 80 91 36 71 96 17
23 57 23 43 35 10 26 76 21 78 20 1 59 87 81 26 83 77 83 26 2 67 4 13 52 37 79 10 50 86 33 55 18 71 21 26 98 1 6 34 63 83 1 22 0 67 9 87 48 67
95 32 84 7 30 10 23 3 70 58 80 66 80 24 2 78 84 74 41 47 36 52 87 62 62 36 66 32 70 54 29 4 69 32 15 45 19 45 37 69 9 18 18 71 14 89 69 22 97 14
76 42 2 93 89 15 6 23 16 63 36 43 51 95 65 97 9 89 72 33 9 59 19 92 16 48 91 11 64 78 21 98 49 21 91 90 15 38 95 50 79 47 79 74 38 92 43 64 16 85
81 75 9 53 86 83 61 13 81 60 56 38 36 8 63 71 64 6 76 43 62 65 47 40 97 43 6 13 28 3 57 90 32 92 84 21 71 36 31 88 93 26 16 8 70 98 68 60 92 18
6 18 30 97 2 62 97 55 61 8 66 91 42 41 38 84 4 47 87 33 53 40 52 62 52 34 10 0 40 24 27 97 26 22 78 16 80 48 84 66 85 82 7 98 54 33 72 91 51 82
22 98 61 33 64 15 61 53 75 78 10 32 85 52 59 62 37 25 91 66 18 42 12 52 86 41 58 95 47 26 92 21 18 83 71 25 91 38 98 96 52 53 78 72 14 90 45 8 58 18
26 43 51 47 19 32 53 31 34 16 62 35 99 26 49 5 17 61 37 5 50 95 17 29 82 83 60 71 19 51 1 79 29 74 67 96 82 65 34 54 98 47 14 52 28 3 64 43 81 84
27 10 72 11 82 81 31 84 17 74 43 43 84 39 7 49 54 40 82 59 66 19 13 23 67 14 82 60 45 25 71 5 3 75 72 81 19 78 22 96 4 14 8 94 35 8 64 50 47 58
89 94 92 21 32 37 51 31 62 9 46 23 92 16 74 54 87 54 40 90 2 96 82 20 31 26 51 45 44 7 37 28 3 47 19 28 22 82 40 25 43 8 91 47 12 35 52 67 72 80
38 44 4 54 0 82 72 56 35 49 67 59 58 12 93 22 85 77 85 33 39 39 76 11 38 38 30 58 77 33 97 97 98 97 23 10 88 25 46 23 93 56 25 43 95 15 97 81 55 14
36 81 88 83 98 10 39 31 29 35 58 72 47 27 6 43 13 47 70 37 76 77 15 66 31 37 84 50 58 86 39 29 75 29 0 74 7 76 95 26 86 87 61 37 29 32 92 99 90 63
34 37 4 82 52 1 38 22 74 10 5 91 54 94 21 23 7 31 85 92 57 95 39 85 32 44 55 85 52 86 84 82 70 79 26 93 27 2 14 45 90 29 3 59 41 12 29 94 12 94
63 42 5 75 81 5 26 92 77 84 85 27 78 78 62 41 91 66 39 75 6 0 18 96 41 88 52 64 85 68 60 6 97 21 45 53 82 18 38 78 98 83 26 70 80 64 68 72 51 59
81 42 10 93 25 1 82 49 83 45 85 96 48 5 31 88 30 0 15 91 74 52 1 12 8 50 81 77 4 99 61 98 82 33 7 81 12 49 93 98 37 53 81 86 25 82 85 36 30 23
36 69 18 91 77 18 2 53 12 69 28 63 18 88 69 36 67 92 5 66 96 65 59 67 61 9 34 70 74 75 96 65 48 85 72 52 73 2 22 4 30 85 76 19 0 33 3 30 24 27
84 28 45 14 78 17 55 52 55 94 57 87 7 8 29 32 53 34 20 83 80 96 96 86 92 55 7 91 56 43 91 14 5 76 65 45 96 43 79 45 71 32 47 28 64 56 15 2 36 12
96 43 87 94 19 80 54 40 67 82 98 71 78 30 57 57 56 40 46 74 16 79 2 13 54 57 13 23 38 45 16 49 98 23 10 46 1 98 12 83 89 75 44 67 61 18 21 0 79 22
82 54 74 27 76 88 0 26 78 16 83 25 42 75 46 47 34 17 47 32 98 68 15 27 81 7 67 17 70 74 28 27 97 79 9 23 73 38 52 23 80 91 77 91 5 84 81 70 58 42
91 29 78 18 83 71 26 13 87 56 28 72 66 12 30 17 46 94 32 12 20 74 7 26 94 37 83 93 88 66 17 52 28 93 67 49 74 84 60 16 33 76 0 58 41 72 35 65 92 32
22 26 37 24 32 93 76 64 77 91 43 86 38 89 61 40 26 47 86 69 86 12 55 34 5 65 59 75 83 78 33 44 96 86 3 83 7 36 43 60 69 34 12 45 73 25 76 90 87 20
26 29 86 54 15 70 27 12 77 35 5 43 48 26 51 82 42 52 10 13 71 91 71 9 65 36 3 92 48 91 16 2 31 11 49 61 92 58 68 8 30 67 25 99 81 27 99 44 27 41
47 39 36 37 3 14 22 90 76 9 19 28 13 80 16 9 42 65 56 58 18 36 92 36 38 54 25 27 37 14 59 89 45 73 50 81 19 37 75 30 13 44 38 89 86 28 12 60 13 92
50 41 24 40 55 82 6 17 67 0 60 84 13 35 75 11 4 11 79 71 12 87 73 16 72 54 13 6 9 79 63 94 29 33 73 63 86 79 15 8 21 38 74 98 29 72 67 64 69 30
9 65 57 94 40 55 90 83 50 32 30 57 43 19 55 64 50 7 45 66 35 46 44 24 60 71 48 35 89 39 86 17 51 58 21 13 25 98 9 94 33 86 64 96 78 97 76 7 46 32
56 7 52 66 76 66 30 50 38 29 40 64 55 2 91 57 7 45 41 43 83 0 64 7 74 2 16 38 32 95 14 14 86 28 5 44 22 87 70 83 45 34 49 58 38 75 24 7 91 30
35 81 72 27 5 27 67 74 70 90 63 17 73 79 59 30 47 23 13 78 93 31 37 54 57 35 15 13 0 11 37 93 69 70 9 74 21 48 24 31 87 90 7 17 29 47 10 82 75 69
99 3 61 46 90 44 2 86 2 77 72 9 39 65 91 79 90 58 43 94 54 28 44 7 44 15 11 6 6 6 63 1 36 99 69 17 32 69 13 93 79 88 55 99 0 44 52 2 60 48
39 46 4 24 16 41 79 2 82 53 78 62 68 91 64 54 94 57 24 0 43 19 48 61 58 40 91 95 72 43 26 72 44 18 47 57 85 30 47 41 68 30 0 51 50 26 6 9 24 42
14 14 59 69 38 38 14 42 81 51 85 51 67 57 64 39 56 67 56 54 7 79 25 77 41 29 95 79 37 50 48 64 92 65 21 26 42 1 78 48 89 48 20 0 63 47 30 1 26 48
37 54 66 59 74 7 73 4 73 42 77 73 39 55 47 1 31 7 58 41 52 60 35 45 25 59 43 63 7 10 37 68 67 1 5 3 6 11 74 81 90 98 44 36 34 46 26 72 22 86
58 65 61 48 30 22 9 95 84 46 14 60 0 46 45 67 67 38 75 55 70 46 33 70 43 67 21 64 97 39 38 54 44 66 51 89 66 38 16 65 66 50 40 28 19 28 75 74 17 99
6 20 0 33 68 22 53 51 63 63 20 31 14 27 79 18 36 2 28 5 52 27 46 63 49 46 59 28 14 2 36 75 88 23 30 22 98 61 39 45 30 4 54 94 83 31 72 34 71 27
51 8 12 43 73 62 76 85 8 28 98 32 94 16 35 49 20 85 94 28 50 70 41 3 66 0 28 82 77 43 95 29 5 98 55 11 33 12 48 47 2 44 0 86 10 9 78 48 28 15
85 32 35 46 0 4 43 13 50 77 74 4 54 39 73 85 49 81 87 82 5 2 94 14 97 5 46 23 39 60 94 49 1 63 56 54 53 63 74 7 10 91 82 97 15 17 5 53 82 20
68 72 29 40 90 54 53 5 98 92 37 4 44 69 39 21 85 41 91 69 18 61 70 92 27 17 86 8 56 50 65 44 25 82 18 53 4 77 81 62 68 21 6 83 14 79 73 95 44 54
80 18 10 10 9 33 86 36 88 79 74 72 67 76 22 56 83 53 66 92 18 26 54 58 86 65 8 69 79 44 27 89 5 56 11 73 41 38 16 41 32 28 69 5 62 19 95 69 30 28
30 24 13 64 38 3 61 49 28 31 44 90 42 78 4 42 82 1 24 15 87 34 33 20 84 49 77 3 61 1 69 82 8 18 95 88 11 39 90 17 43 27 97 51 43 86 6 26 51 4
41 51 26 57 36 23 85 25 14 36 8 11 37 89 77 88 27 94 82 44 40 48 78 41 29 95 75 61 90 43 94 89 5 85 91 29 61 33 94 23 48 79 18 96 39 83 2 53 26 84
24 25 89 68 56 57 89 22 96 74 55 68 82 57 12 84 28 57 52 60 66 56 77 4 41 23 88 71 15 98 28 18 7 61 39 2 91 47 38 61 77 58 64 49 91 11 53 32 57 7
13 5 15 51 84 75 83 64 11 21 43 17 44 23 69 84 59 42 99 61 45 19 53 22 50 83 37 72 83 7 87 12 17 60 21 33 44 33 99 15 95 91 82 16 14 73 75 24 16 3
98 82 87 35 77 7 70 24 94 58 68 82 90 54 26 38 17 71 25 97 53 62 8 42 88 8 6 63 78 38 20 70 88 18 66 86 3 69 75 96 73 51 74 46 68 88 45 49 91 67
76 2 48 63 49 66 10 59 67 51 26 90 64 12 39 13 8 2 8 21 0 26 38 6 8 21 79 32 42 99 76 56 72 54 52 36 50 91 76 54 55 88 87 0 28 29 30 6 73 78
41 37 62 7 62 8 53 11 48 19 94 64 12 77 70 52 93 20 18 34 15 35 23 1 96 69 35 12 41 46 84 14 60 4 66 61 98 33 77 44 38 12 81 11 64 58 69 46 85 69
70 45 31 86 56 45 60 13 66 75 98 2 60 36 93 4 4 55 92 72 30 13 43 27 86 97 88 62 41 74 32 58 88 9 78 89 49 80 54 18 65 72 71 52 55 49 74 21 71 80
70 26 26 50 68 71 48 20 84 24 27 38 82 9 81 90 43 90 2 30 3 15 32 99 16 51 44 32 34 78 24 45 93 76 8 8 75 68 51 28 10 48 46 6 2 33 5 69 99 18
15 70 8 50 29 81 99 5 10 63 30 86 40 80 22 19 59 74 74 28 81 57 28 23 47 77 83 17 1 37 3 19 12 30 31 53 8 5 47 18 95 3 69 69 60 81 18 25 61 45
15 24 59 0 3 22 28 86 12 45 58 26 56 75 55 4 4 22 58 10 41 11 97 71 5 7 59 50 19 62 12 69 76 47 26 71 28 78 24 77 92 39 47 58 98 31 8 7 99 18
35 47 69 65 62 19 53 28 49 34 14 69 84 95 98 47 53 65 37 24 46 54 60 26 65 86 73 73 64 87 33 73 38 37 62 50 24 87 76 67 19 6 58 2 19 12 57 51 48 9
16 84 38 6 74 67 97 67 49 81 49 54 29 14 80 82 29 81 81 35 84 50 19 40 59 80 55 79 56 31 14 67 26 23 39 52 49 56 55 91 31 11 21 80 48 31 86 65 89 81
46 25 88 0 8 83 16 73 59 76 3 29 51 63 95 59 11 92 72 49 27 63 56 18 26 53 47 95 96 42 82 73 97 98 77 29 32 74 56 88 54 70 73 92 34 38 53 79 2 6
9 98 6 70 59 48 24 25 19 38 15 11 61 17 74 23 60 50 73 65 8 61 95 62 38 31 28 24 61 25 28 53 44 28 8 82 95 46 43 79 59 34 77 25 64 56 97 16 64 34
2 14 42 50 0 88 78 77 53 70 95 25 60 50 61 4 65 67 61 0 90 75 58 46 52 52 93 74 9 29 72 54 10 8 6 36 27 48 99 75 46 41 95 84 47 7 93 34 27 40
4 27 32 86 70 5 9 2 66 23 67 27 10 10 63 54 63 6 8 72 46 23 18 97 22 15 10 7 25 11 73 87 43 56 2 49 90 54 0 70 81 38 83 5 24 4 4 39 17 14
59 1 27 63 97 94 24 12 56 93 39 32 46 97 25 17 68 30 92 67 29 81 49 87 52 24 28 39 42 13 81 57 91 69 63 3 2 67 86 61 97 63 8 60 98 23 50 59 51 66
65 13 7 61 18 20 1 26 62 0 60 39 43 2 30 98 9 31 31 38 22 11 64 62 0 46 26 80 23 62 4 40 78 19 75 22 90 66 92 81 22 78 39 5 38 81 68 91 75 97
42 51 76 35 54 29 11 86 84 84 36 47 70 55 96 85 90 75 97 48 41 4 48 39 74 83 73 2 99 61 27 64 6 17 3 40 61 6 20 28 95 61 26 84 90 9 46 94 55 31
