58 78 61 72 99 5 90 77 3 37 27 87 34 67 63 79 79 52 64 99 87 70 94 76 9 89 47 45 3 25 27 10 96 59 85 17 69 21 43 32 72 55 97 5 92 60 18 25 16 59
20 57 42 8 67 3 57 60 91 6 98 92 51 80 90 19 84 44 52 5 80 36 99 53 53 34 98 85 91 49 0 61 4 99 12 54 40 21 14 72 86 42 47 42 38 68 49 59 65 96
16 0 0 20 14 4 34 48 8 23 54 47 66 59 18 97 41 96 22 45 10 12 49 19 0 67 20 28 81 11 27 89 41 84 10 7 13 87 83 79 19 25 73 87 48 9 6 19 48 84
99 76 38 92 24 5 82 23 56 99 89 9 27 91 81 32 41 2 3 84 70 8 67 56 15 2 74 33 45 43 52 61 82 39 73 71 30 26 76 81 10 57 95 81 43 35 25 32 0 23
69 85 91 85 34 92 79 93 37 52 71 51 71 62 69 22 52 73 25 81 41 76 94 26 42 52 18 63 6 33 45 34 32 46 76 35 83 93 49 4 9 15 84 35 50 62 48 61 93 50
68 81 34 51 29 73 69 58 3 99 71 9 42 66 77 20 96 67 4 81 45 72 35 69 7 60 74 91 86 44 76 74 61 49 66 63 84 5 70 97 30 29 85 78 55 22 31 80 83 74
99 63 94 86 76 48 39 48 86 95 20 65 80 63 70 41 96 86 65 49 83 10 36 10 24 62 96 86 47 44 47 74 50 64 18 0 95 59 37 92 73 63 11 53 19 18 57 48 26 24
33 38 19 10 32 49 23 35 3 99 58 65 18 8 65 13 66 60 77 20 54 87 38 78 82 56 40 68 80 32 36 83 52 91 0 86 30 86 29 81 44 8 19 73 75 71 12 53 86 50
17 57 99 46 64 8 23 90 99 62 45 16 7 17 98 63 62 84 27 97 69 3 87 76 41 24 39 88 59 83 6 92 70 79 62 66 40 16 46 13 95 97 0 19 81 34 92 83 32 88
8 77 80 24 76 3 26 79 76 62 60 62 39 67 66 46 16 60 90 9 50 58 11 69 46 64 81 86 95 29 51 89 16 12 82 13 59 35 52 54 90 32 49 87 99 48 50 89 48 75
42 0 61 41 21 43 45 39 35 1 66 72 27 88 84 97 66 38 40 37 28 48 35 36 41 4 39 98 15 55 30 26 70 82 64 2 43 75 58 37 95 38 72 76 86 35 0 69 94 55
0 0 84 46 37 27 65 53 5 6 95 93 34 36 35 40 47 42 86 79 21 93 70 28 3 40 71 93 84 54 34 14 97 50 42 23 27 47 11 80 23 43 74 57 83 81 45 26 43 99
29 86 60 41 99 28 5 31 97 29 55 82 14 49 6 18 78 38 97 58 69 78 74 48 17 71 41 20 0 92 76 31 49 1 68 39 90 44 90 12 96 69 35 87 44 21 22 14 13 70
40 30 13 47 55 20 62 37 38 20 54 78 67 27 58 27 85 26 40 99 44 93 24 77 73 34 34 23 35 2 58 67 11 71 37 6 80 34 41 78 87 90 52 20 7 61 15 54 77 17
91 64 75 75 19 20 31 31 80 88 3 45 19 34 82 79 18 20 3 15 48 54 18 7 67 71 62 44 54 2 55 32 43 55 3 27 47 69 74 31 23 15 90 16 11 87 99 2 43 73
83 94 55 36 0 88 4 78 50 81 78 55 20 64 23 19 79 0 79 57 17 13 6 7 70 49 15 80 52 8 6 73 61 35 86 90 47 91 25 38 90 67 88 73 82 46 29 55 72 66
46 71 45 29 69 85 41 61 90 99 14 22 27 86 23 45 26 0 31 84 10 51 98 95 87 60 73 12 25 17 76 58 34 6 86 33 37 40 6 81 74 56 13 14 69 8 21 88 32 37
13 6 9 29 62 47 37 87 59 68 80 81 12 18 46 65 98 79 60 25 48 85 40 81 42 68 11 5 57 71 74 33 28 34 1 13 62 25 9 46 51 61 1 53 44 15 7 75 69 27
42 1 49 35 93 82 56 46 89 86 14 17 84 89 38 30 44 22 97 75 57 43 62 9 92 28 23 55 25 87 91 84 3 8 36 23 36 39 60 36 25 31 95 19 99 23 16 64 63 5
47 53 18 14 99 27 87 23 98 38 21 98 91 90 37 43 82 50 91 47 32 70 93 10 42 33 16 9 53 89 63 27 49 92 51 9 11 57 1 16 21 83 69 18 46 86 23 38 79 63
88 42 72 56 39 80 81 95 99 19 35 26 18 82 67 89 74 71 54 82 82 32 79 29 68 19 37 22 60 56 65 90 87 47 81 3 72 10 95 0 67 10 78 28 23 34 98 10 66 44
34 7 80 91 25 53 38 97 74 98 20 23 18 91 48 16 74 10 59 65 54 55 97 99 23 17 36 50 8 1 7 59 8 60 21 68 29 51 58 89 54 66 51 58 82 23 42 29 0 15
97 76 2 51 42 61 53 68 73 90 3 82 53 66 74 89 3 87 39 39 20 46 15 74 81 20 1 14 4 44 91 1 75 63 42 33 97 76 85 44 78 18 50 58 7 45 8 90 23 23
42 2 29 11 7 52 89 57 80 19 52 45 74 42 18 26 13 88 69 71 26 33 16 85 86 49 44 82 60 61 44 37 88 48 48 31 84 11 16 24 13 15 50 95 79 0 66 95 38 7
66 93 72 49 35 27 9 50 42 76 27 20 18 25 26 10 24 67 57 70 9 16 44 46 30 39 8 17 23 39 36 25 74 29 83 41 2 24 87 10 43 55 83 23 5 80 87 41 24 83
89 9 30 0 40 58 54 83 4 30 33 55 33 4 99 52 57 89 0 92 35 84 14 46 57 14 1 84 53 61 96 31 1 62 87 98 14 50 67 29 40 0 2 66 57 30 49 42 35 87
53 91 13 86 16 37 21 88 30 6 43 94 96 88 38 47 84 5 34 48 82 49 36 62 31 45 87 15 28 8 15 96 92 30 70 20 99 93 74 51 28 2 89 46 28 13 83 17 76 71
66 34 15 67 97 80 50 43 62 46 64 18 75 3 25 70 40 1 15 16 73 35 92 72 67 55 8 25 85 55 25 44 82 16 37 71 27 74 43 19 3 46 88 67 86 72 93 97 77 45
85 70 64 30 37 24 14 40 34 33 71 9 66 79 87 49 9 54 15 7 26 1 71 75 23 48 11 88 11 39 71 85 52 16 16 37 30 63 31 43 50 41 89 93 9 23 81 24 44 65
41 5 81 5 2 81 55 40 91 8 51 8 67 98 3 23 17 92 84 16 6 63 3 13 84 19 79 89 56 67 58 65 12 93 92 17 54 32 57 96 9 95 77 86 96 37 50 1 6 47
31 55 28 30 29 82 57 38 42 25 40 35 6 64 22 52 82 50 13 51 97 86 55 7 79 63 70 13 42 6 49 87 33 21 97 60 32 37 96 6 64 99 12 4 64 15 7 94 57 32
25 22 81 20 58 10 93 39 24 32 76 6 90 78 82 51 52 35 12 64 24 43 28 28 89 25 73 57 63 9 20 26 28 11 8 38 94 41 73 20 74 73 34 20 68 9 74 58 75 10
22 95 67 68 55 13 74 73 7 26 55 69 5 66 66 91 77 63 43 10 94 47 73 41 94 37 68 96 13 29 32 84 58 37 47 21 36 4 3 86 60 70 92 95 63 82 41 5 80 78
66 41 47 46 23 24 94 79 86 46 82 24 40 84 14 50 54 88 16 49 18 58 4 75 92 18 1 24 41 27 58 51 74 61 74 67 78 26 28 15 6 34 4 12 72 93 29 92 63 9
14 20 1 40 65 10 63 85 39 93 81 49 4 67 27 38 28 95 46 71 41 23 72 76 8 68 88 98 44 24 67 26 9 37 65 7 11 39 6 34 49 91 4 26 28 89 88 5 11 39
19 24 17 59 30 76 61 40 94 48 73 96 48 42 63 21 15 37 32 6 99 71 92 67 19 88 90 21 40 11 95 6 27 17 48 19 94 47 2 17 85 40 81 11 21 25 82 87 80 71
98 97 44 57 99 10 83 27 5 93 73 55 75 76 60 62 0 67 30 26 91 31 97 92 78 59 6 33 36 78 28 49 57 71 68 86 27 70 40 12 19 15 38 52 35 29 26 93 70 50
28 84 13 91 59 68 2 1 42 75 56 86 83 46 57 47 81 80 83 45 53 3 25 67 80 99 4 70 93 77 35 81 52 69 2 78 41 88 92 86 12 19 24 39 3 14 58 35 13 38
10 47 7 64 82 91 73 78 90 53 79 94 46 33 22 35 39 26 26 24 69 27 17 52 19 23 19 59 36 47 1 70 94 64 89 70 6 21 12 10 49 87 33 95 13 72 41 35 95 15
41 79 89 48 19 34 50 20 50 59 86 76 75 69 32 68 35 9 62 85 18 98 19 57 37 92 79 43 42 33 28 56 88 59 71 54 83 83 29 32 9 57 10 97 6 10 54 81 19 57
97 33 8 41 28 47 83 18 15 52 29 20 71 45 34 7 2 41 99 6 56 38 54 92 12 68 19 69 83 16 56 22 77 64 79 59 52 62 73 68 49 98 25 84 84 83 83 34 72 54
73 27 77 11 70 88 70 36 86 39 20 13 85 81 92 60 2 6 7 73 3 46 20 9 32 2 73 46 39 23 16 34 62 46 26 63 16 10 34 57 8 52 64 87 64 59 6 88 34 19
4 26 4 48 64 82 53 46 78 49 14 51 39 38 70 46 76 27 99 74 94 54 34 34 64 28 21 52 4 32 79 13 42 97 4 35 92 81 57 43 60 95 77 85 93 30 87 59 1 88
21 72 10 4 50 95 64 60 13 9 28 28 93 59 64 11 28 24 48 82 17 44 80 29 24 55 20 0 93 57 16 73 85 44 46 59 55 15 5 93 48 81 56 55 44 2 60 56 22 92
61 53 53 70 51 63 50 64 4 54 4 72 21 12 45 68 3 32 54 70 23 20 92 30 28 11 99 24 35 33 87 95 91 89 39 58 33 43 97 93 77 74 70 63 93 52 56 36 26 15
31 69 31 66 23 65 12 87 13 91 51 20 20 77 81 70 36 66 10 40 67 26 91 94 71 79 88 91 66 41 76 45 90 10 60 17 99 46 24 60 52 36 91 2 74 11 6 54 2 40
27 2 12 83 3 96 45 42 64 41 94 90 27 6 91 42 55 68 33 12 46 17 24 95 70 75 84 83 64 56 9 54 84 28 86 95 93 18 69 2 87 55 43 35 16 58 56 58 7 27
45 82 91 64 55 35 28 98 82 4 27 76 96 1 42 36 98 99 39 3 54 22 53 88 61 13 25 43 64 84 62 68 55 34 59 61 11 12 12 36 68 90 71 82 91 37 96 35 38 6
26 32 83 34 24 23 21 47 47 15 24 65 30 49 31 50 14 60 83 76 89 73 10 87 12 65 91 83 87 48 10 89 38 51 72 4 46 33 64 53 37 40 2 19 69 12 4 60 9 41
47 31 56 12 13 2 18 22 2 7 88 93 0 56 95 82 86 0 55 74 52 42 30 66 35 7 24 38 65 77 87 91 96 55 37 39 2 75 65 5 38 53 59 55 85 68 75 54 11 86
50 74 73 85 99 72 66 10 98 11 79 39 84 75 93 83 24 0 29 33 6 33 92 15 13 60 23 32 78 54 57 93 50 49 15 42 8 36 94 19 84 78 36 74 90 10 52 98 28 24
2 8 37 19 5 99 97 70 75 16 52 63 13 39 5 31 39 90 89 24 52 46 5 20 33 8 60 18 29 24 75 33 35 92 44 12 23 12 5 84 10 89 28 83 40 53 74 89 38 88
82 89 0 80 24 52 85 83 92 45 61 30 72 37 71 22 0 82 72 47 26 59 71 86 5 5 49 38 89 11 29 89 48 67 89 3 90 13 10 75 62 85 49 45 52 89 33 59 83 16
17 83 28 51 45 82 50 52 45 22 84 62 26 57 13 0 85 98 93 98 99 68 1 22 66 24 28 38 69 98 26 48 66 83 79 40 58 93 23 57 6 28 80 23 93 31 90 38 82 70
97 64 10 32 63 63 13 22 6 48 17 0 24 54 13 12 61 9 58 66 56 32 76 59 23 42 22 65 35 25 72 67 35 72 50 59 2 99 57 6 89 22 6 33 21 42 45 67 52 27
86 16 47 31 35 95 86 66 5 56 92 72 71 15 25 19 52 37 49 82 66 40 83 34 88 35 78 31 15 52 96 57 29 27 25 38 22 48 39 62 38 5 86 17 23 12 34 38 9 42
53 42 71 30 66 48 26 40 36 46 98 60 71 79 33 90 59 75 99 64 26 55 8 10 40 71 42 84 97 69 79 47 96 62 55 47 69 39 40 75 75 77 90 50 99 51 22 83 76 49
35 94 47 60 10 57 56 34 89 1 25 94 90 48 62 8 77 83 58 42 63 56 76 6 53 32 77 37 77 29 15 86 36 89 58 69 9 63 58 38 23 16 1 2 93 13 99 65 7 12
67 95 89 69 37 67 24 50 16 95 85 6 25 46 15 68 89 40 18 69 69 18 57 35 95 21 27 21 59 24 27 48 94 13 44 75 4 3 14 24 83 71 14 79 96 61 38 21 57 72
5 39 16 18 37 63 76 71 76 18 22 32 49 29 84 44 20 85 80 85 66 20 63 27 68 95 38 5 55 53 43 95 72 26 78 15 60 58 11 93 89 16 58 45 84 2 89 3 28 11
16 66 28 57 73 52 48 95 57 65 82 60 53 28 19 76 71 15 90 15 87 79 12 23 6 20 60 58 54 66 76 57 31 88 58 6 54 81 38 73 32 37 74 91 58 5 53 14 70 28
44 46 9 54 75 53 97 26 81 56 36 33 9 72 63 47 43 1 68 62 32 4 35 6 18 50 3 50 56 48 51 14 27 4 37 53 87 31 66 98 85 84 76 32 88 55 63 85 76 38
19 56 18 19 19 32 79 61 25 66 55 79 52 14 57 87 37 74 25 44 12 87 4 82 64 58 52 87 60 91 85 5 72 40 12 77 40 79 58 32 59 48 35 18 22 88 91 55 72 59
28 2 83 69 92 82 32 16 90 14 15 89 11 4 32 13 33 55 9 55 75 15 55 65 72 56 28 19 27 79 54 73 43 21 39 67 78 59 71 38 25 19 99 13 81 99 30 33 54 81
62 47 14 73 66 27 34 94 13 48 78 80 9 58 11 70 61 60 7 69 5 51 47 90 80 22 44 7 22 12 98 88 58 52 75 54 83 7 58 48 1 95 94 42 97 62 28 35 43 91
72 55 68 96 10 74 6 6 52 73 52 1 48 26 77 85 0 44 10 43 22 23 59 57 22 54 14 51 91 35 53 75 30 96 53 94 80 65 4 54 31 20 96 16 25 81 64 35 66 15
14 22 5 12 5 66 65 84 74 97 23 20 97 41 68 85 33 17 97 75 52 85 51 0 56 4 13 56 2 69 74 35 26 6 54 75 21 25 44 86 71 15 15 23 3 98 44 35 85 7
7 17 83 59 45 85 19 95 21 93 80 63 47 50 7 51 65 2 42 46 61 18 69 96 59 5 54 35 77 19 78 24 98 12 30 17 86 90 84 96 3 49 27 90 85 77 95 85 56 81
38 83 37 63 7 47 18 39 12 90 51 30 11 59 88 67 23 91 52 31 72 51 92 32 41 19 63 99 70 46 90 55 15 32 84 22 40 58 21 94 72 52 53 96 24 71 92 5 9 63
72 42 21 64 29 58 10 2 73 67 79 9 53 15 22 75 93 78 49 66 19 92 52 89 43 49 15 78 85 95 76 12 90 3 9 81 88 77 15 17 29 99 69 62 45 25 51 76 36 21
86 32 96 55 40 37 85 85 71 62 3 10 57 78 5 42 66 11 99 64 62 28 11 73 17 22 68 32 56 3 68 53 53 55 8 74 1 89 72 38 12 90 80 86 57 78 41 78 5 23
27 83 11 89 31 12 90 97 46 63 96 47 23 16 55 35 39 1 8 47 65 45 23 79 8 21 45 50 26 8 93 32 9 32 38 67 8 32 42 44 54 46 55 56 87 39 84 89 40 91
33 18 13 37 15 45 35 93 24 66 68 76 41 94 23 3 27 94 7 47 9 30 62 39 79 24 60 34 40 45 94 34 75 29 31 45 36 95 21 75 2 13 95 1 25 91 39 15 98 96
47 92 37 15 27 46 16 8 42 63 15 67 16 91 68 45 40 73 52 3 10 2 73 63 88 46 64 71 58 74 68 27 30 86 43 36 18 13 74 84 96 39 1 0 59 85 69 70 60 19
5 71 3 98 8 34 24 27 43 55 59 66 77 41 88 36 1 4 94 57 9 38 62 28 70 31 41 92 49 94 22 84 85 11 24 15 29 98 68 95 28 30 5 24 65 46 37 21 46 5
78 76 57 68 87 69 99 1 97 38 17 68 74 21 38 64 70 70 8 69 49 20 47 85 78 25 52 70 61 48 6 4 29 53 24 54 83 17 76 18 27 46 95 19 35 28 16 32 4 52
94 77 58 23 77 29 16 15 6 99 8 38 71 49 56 27 86 17 91 38 37 9 48 40 12 16 16 84 34 36 24 11 24 82 15 8 11 72 56 78 28 19 46 31 75 27 13 25 52 90
38 31 98 77 8 23 21 77 1 20 74 3 38 38 76 19 92 85 5 57 48 45 56 7 25 24 2 51 42 75 3 95 36 64 53 44 27 26 63 79 21 50 46 73 94 45 53 64 97 68
74 68 91 73 58 43 10 10 93 49 79 77 16 45 96 68 38 27 6 82 21 73 46 14 31 45 65 88 8 4 88 10 18 48 32 3 12 59 20 41 67 70 88 75 11 84 27 51 47 26
65 15 36 44 88 96 77 34 97 66 82 81 60 83 99 21 11 36 88 38 49 58 80 21 93 31 94 34 35 44 93 23 65 36 29 60 6 9 46 28 74 25 47 38 72 9 63 10 59 83
96 91 20 18 45 17 34 87 65 94 46 10 4 44 0 52 1 1 74 28 32 21 71 6 74 8 97 37 85 39 0 91 2 56 10 67 49 27 54 29 74 40 94 38 90 16 18 7 15 51
32 52 0 8 99 13 79 12 57 32 54 94 5 97 61 87 55 33 92 28 39 87 26 61 35 66 17 47 42 48 19 12 13 45 95 85 42 47 54 82 60 21 34 74 9 39 88 14 65 56
72 73 19 57 17 32 21 99 1 40 83 87 88 3 5 30 96 85 86 55 95 48 34 42 50 66 29 45 97 8 40 8 33 91 68 37 25 9 51 94 2 49 65 39 70 76 0 33 37 50
8 27 39 84 62 81 34 38 33 39 64 17 46 74 21 70 69 20 9 59 28 70 49 15 42 51 82 46 81 95 40 33 6 41 88 5 11 93 67 97 10 14 10 13 86 91 35 91 43 67
81 40 62 60 93 53 5 12 73 89 39 77 36 79 74 16 91 34 60 23 13 68 40 26 13 82 63 15 67 47 12 72 77 47 38 6 75 83 68 11 35 66 79 86 54 97 1 61 70 42
32 31 71 45 87 42 86 21 37 52 31 92 10 87 40 39 29 5 9 19 54 65 45 61 98 17 72 38 80 47 64 57 0 47 99 23 70 42 24 63 85 36 10 64 97 89 4 31 64 84
79 76 40 21 69 68 79 40 52 15 78 2 68 9 42 17 39 86 54 45 8 52 37 8 50 39 57 22 92 81 44 25 57 93 86 36 72 78 8 92 50 63 17 91 1 95 88 7 79 43
1 56 57 26 37 48 31 54 30 2 80 60 46 40 5 65 41 92 66 53 77 25 57 90 68 71 94 89 46 46 75 97 40 0 49 75 8 71 3 41 41 32 5 48 30 82 43 5 79 55
55 19 8 55 70 5 87 4 2 69 98 3 3 15 67 5 5 87 33 75 91 26 20 49 14 24 84 68 30 21 78 98 27 83 54 36 45 79 36 15 54 52 4 15 55 28 52 61 46 16
36 87 77 92 82 53 29 47 30 20 72 91 93 53 32 54 54 53 21 38 91 75 29 42 36 62 91 76 50 62 48 42 30 68 95 73 13 15 97 27 91 25 72 20 61 64 57 74 86 48
76 58 78 88 2 63 88 0 20 56 63 71 15 3 88 85 98 17 28 25 13 34 99 87 38 88 66 96 54 92 71 42 31 58 55 0 0 46 55 14 90 60 99 2 28 26 98 49 73 26
72 37 2 37 75 71 8 78 6 16 41 95 10 91 97 46 46 14 56 1 99 48 50 74 6 33 4 36 54 25 39 86 93 14 83 66 19 88 43 92 8 57 82 43 35 9 17 10 92 68
76 90 3 78 11 64 52 8 97 36 91 17 42 47 77 94 23 72 73 40 8 45 23 63 92 3 2 42 39 18 19 9 5 99 54 97 77 8 94 32 50 7 56 31 63 43 70 59 38 33
61 36 79 61 34 36 74 60 84 97 7 28 9 80 38 26 3 62 52 65 19 51 73 69 34 48 82 24 52 91 36 19 92 56 88 0 56 31 56 46 22 68 97 46 71 20 29 0 39 51
65 24 76 2 97 68 33 62 45 74 90 75 67 8 14 53 35 10 73 65 27 69 33 60 1 15 88 47 56 93 81 53 79 99 53 95 79 99 31 84 37 51 41 91 91 46 2 34 45 51
3 93 99 79 81 99 34 59 82 67 46 69 76 77 41 70 21 1 80 80 62 0 7 37 29 32 43 58 19 21 67 29 27 21 37 5 69 73 50 23 3 78 23 79 55 5 2 15 59 51
15 84 22 94 1 11 32 97 37 3 61 24 28 20 18 14 28 92 8 40 6 88 8 39 78 68 38 44 79 31 92 78 24 27 28 95 17 90 76 38 99 78 56 72 20 29 62 37 48 77
55 20 46 13 27 5 64 75 72 94 55 60 42 85 43 88 74 90 34 57 96 61 29 57 45 53 62 23 67 22 53 42 60 41 2 64 29 25 5 36 53 42 76 82 1 35 20 8 40 1
47 59 85 15 2 55 25 87 64 24 29 46 83 86 23 15 32 15 55 75 43 31 87 15 3 51 30 76 26 94 41 61 18 12 21 16 7 96 1 93 31 41 66 41 85 34 31 17 84 26
17 27 68 27 15 98 20 79 90 99 26 81 61 71 64 94 90 18 36 38 22 29 10 58 55 8 10 38 60 9 23 27 32 99 41 91 34 81 90 20 1 41 2 20 84 6 8 61 25 77
