88 45 63 34 81 4 82 42 45 51 28 93 10 84 46 75 35 29 45 51 15 56 87 30 4 30 81 76 28 87 42 69 49 22 65 21 70 56 86 46 56 96 97 0 73 76 56 94 27 87
28 37 60 19 61 64 85 13 91 22 77 65 96 44 43 44 49 80 61 35 16 1 36 14 0 82 61 88 59 12 81 74 80 40 3 43 71 91 38 75 7 29 84 66 82 14 84 27 67 16
0 89 48 8 34 54 32 87 29 47 67 36 44 27 21 56 86 83 37 8 99 29 82 23 7 17 22 20 20 71 95 72 55 50 70 56 65 11 11 15 97 87 72 75 19 98 72 71 10 22
97 18 49 57 73 8 35 64 41 42 57 69 95 74 55 76 26 41 28 87 94 97 96 76 98 88 24 68 23 62 72 99 43 33 57 99 34 41 70 98 22 29 76 73 44 88 1 20 35 67
93 52 71 28 74 78 42 48 45 63 99 8 58 75 46 78 0 38 61 90 86 26 84 56 99 46 59 46 32 30 2 19 19 34 99 63 30 7 34 27 54 51 15 39 60 29 1 1 1 78
83 28 14 31 43 55 29 45 69 64 76 80 14 45 20 0 43 88 65 50 12 81 47 76 90 6 99 14 52 62 62 20 96 83 25 84 43 75 82 29 36 21 5 77 35 21 7 32 47 40
31 97 18 65 84 94 18 10 96 16 34 87 45 11 36 54 32 29 82 42 35 12 33 13 40 88 41 20 85 45 99 39 98 94 52 53 92 76 24 8 92 56 45 53 21 83 64 74 9 81
45 62 17 93 15 55 44 84 95 22 62 62 26 38 49 67 7 45 4 23 68 17 97 91 6 57 78 68 64 77 2 43 96 15 7 59 7 80 22 87 21 57 17 80 6 32 9 57 49 89
14 81 80 51 56 5 83 85 13 53 15 48 15 53 74 62 17 43 52 56 45 92 6 22 38 68 95 53 84 68 82 71 6 23 64 72 85 52 84 94 22 95 79 34 51 42 87 42 29 14
92 66 68 21 44 15 56 56 97 67 55 49 24 92 41 62 43 7 21 43 20 77 87 78 40 38 61 9 66 19 90 82 70 21 39 69 7 85 9 35 0 89 73 66 58 92 14 37 84 28
62 98 7 1 70 76 54 62 89 60 9 60 30 95 12 64 44 45 21 32 66 5 89 29 20 13 31 65 13 68 26 99 28 6 80 88 57 58 23 66 40 91 37 59 87 95 99 14 5 9
62 24 64 58 33 10 4 94 76 97 61 76 63 9 2 22 49 0 6 27 42 58 53 24 83 26 81 21 76 60 70 78 13 44 20 68 94 40 8 80 73 84 38 85 87 34 41 26 28 95
71 1 93 1 7 20 6 97 81 12 82 22 9 0 38 24 30 11 39 54 93 63 14 64 25 44 46 44 3 56 1 95 81 55 35 0 21 96 28 47 83 18 86 80 19 16 17 79 61 17
9 95 30 88 13 16 28 99 24 74 53 49 90 53 9 3 84 63 1 20 12 43 82 6 45 43 1 29 6 18 17 47 68 5 85 58 13 1 39 7 32 60 18 0 76 95 10 36 92 57
80 39 85 62 9 24 44 62 27 14 6 19 3 62 69 99 15 17 73 29 76 29 18 91 39 69 72 1 60 45 73 59 0 45 97 56 73 53 22 58 42 62 86 23 93 82 12 95 55 12
55 20 53 7 9 80 99 92 58 55 10 12 71 58 52 18 1 24 98 17 56 60 87 99 70 55 2 28 44 67 3 82 16 49 78 55 15 64 65 75 36 99 23 99 42 67 57 14 28 16
29 37 56 84 40 50 29 52 7 73 47 38 30 68 78 8 17 25 36 72 49 5 33 21 69 10 96 99 41 9 0 29 64 45 51 9 48 2 39 88 40 96 94 80 47 13 52 51 97 8
36 78 58 51 47 34 52 49 51 8 90 17 67 34 8 68 88 83 82 22 92 29 84 82 66 20 75 61 79 83 98 7 56 46 90 6 70 27 85 31 77 18 74 81 17 17 91 24 62 11
27 74 3 41 23 32 89 31 43 56 59 61 76 49 46 71 1 71 59 43 5 76 69 59 38 80 70 90 42 76 91 54 25 40 60 83 37 21 38 79 90 28 95 80 27 19 9 28 59 47
3 4 59 97 49 11 81 69 12 75 79 16 61 71 68 35 17 8 75 46 81 27 54 1 16 92 58 23 42 5 21 85 63 68 85 16 56 82 76 0 72 80 50 46 52 46 22 89 91 1
93 65 62 66 75 92 77 51 43 23 83 6 89 37 28 69 44 67 13 17 32 54 95 46 25 38 40 23 32 11 57 97 18 71 11 54 41 47 97 9 72 44 94 35 66 97 57 34 99 66
33 6 6 43 50 96 52 79 81 22 15 52 14 18 78 48 41 48 53 43 67 29 23 52 15 97 90 41 31 51 81 94 37 95 55 35 53 55 40 26 75 12 3 11 71 12 13 59 77 58
95 94 2 1 15 7 50 67 6 44 88 51 25 43 3 16 43 87 1 23 6 6 66 83 60 19 42 52 45 7 84 67 63 1 29 81 14 1 1 41 45 69 61 76 99 53 19 8 61 72
30 42 63 58 64 17 19 30 48 71 8 10 43 23 52 54 91 84 54 96 9 7 98 37 17 38 19 32 79 75 65 28 76 98 87 20 45 47 97 42 24 60 9 20 96 47 7 87 73 94
98 64 68 97 77 6 77 9 74 34 81 43 22 96 3 43 99 47 98 84 69 39 50 28 81 53 24 57 64 30 96 8 87 53 10 90 64 68 2 4 94 58 8 52 52 71 0 62 18 55
29 26 73 72 51 8 68 39 78 49 67 2 57 86 70 44 0 35 1 28 28 10 52 42 58 91 65 25 26 12 10 55 3 6 83 43 77 27 44 54 14 60 92 33 48 62 15 95 6 92
71 52 72 70 3 90 44 94 41 31 16 74 12 2 52 62 92 50 75 38 88 73 10 7 89 44 83 39 72 44 11 12 2 99 94 50 75 41 61 42 3 64 65 53 50 47 22 79 82 46
9 37 22 76 3 81 24 24 20 42 39 88 18 65 76 3 35 51 90 38 86 74 91 50 12 6 81 27 18 97 2 77 76 47 25 55 54 15 23 87 88 75 54 30 17 57 84 4 69 55
12 82 83 1 78 32 31 63 34 12 75 24 10 26 64 7 13 78 66 81 34 55 59 6 78 85 57 78 28 77 55 61 45 67 51 18 36 67 32 58 19 24 95 74 23 47 65 71 19 11
74 80 72 0 4 57 7 16 33 83 73 32 80 86 74 93 1 78 60 71 71 82 92 80 89 94 89 57 92 40 51 27 80 12 95 52 1 94 57 0 41 34 39 75 60 72 84 61 93 69
35 39 55 66 80 6 83 51 26 32 63 44 13 98 91 13 40 97 49 49 24 49 95 67 30 96 10 2 91 16 86 79 71 98 45 77 96 67 22 29 38 67 82 79 47 46 89 31 49 10
33 94 64 57 8 75 83 81 34 72 98 78 1 97 7 72 9 44 30 37 73 7 33 65 67 11 85 29 31 5 10 38 58 70 53 7 44 97 22 59 32 43 68 58 53 71 89 61 86 42
57 2 5 26 61 84 41 22 97 44 38 74 62 17 56 43 55 73 78 83 43 32 40 66 57 17 35 52 30 16 9 31 84 52 14 21 89 72 57 58 59 96 77 48 63 79 9 54 70 47
27 85 99 94 71 89 14 65 76 2 42 25 89 40 3 19 43 35 34 33 1 15 34 44 97 88 41 63 94 62 21 70 35 37 25 7 49 20 53 68 39 18 67 86 89 60 58 19 61 17
40 67 89 15 86 53 92 86 23 0 40 87 14 71 22 36 71 46 96 41 13 88 89 61 45 3 69 30 39 2 60 62 62 18 42 71 98 73 0 71 42 15 66 30 88 52 78 68 84 6
77 59 64 75 71 74 53 57 13 23 95 75 72 91 98 77 11 92 26 43 6 77 12 89 3 28 38 63 36 75 11 49 26 27 27 83 71 41 27 26 51 98 59 17 59 77 71 87 69 51
32 42 76 22 64 80 28 4 32 6 42 18 27 81 64 10 77 31 42 19 7 52 11 46 71 93 29 89 88 71 8 69 65 15 21 61 28 99 91 63 92 53 1 13 79 8 87 97 90 18
77 11 10 12 10 74 15 95 4 29 91 56 46 2 97 84 22 6 72 16 66 26 51 26 32 37 42 42 80 28 44 96 79 17 36 16 41 16 89 62 35 27 88 29 8 58 21 23 98 95
0 31 24 3 70 42 17 80 33 63 10 73 77 65 48 26 67 67 90 2 52 61 39 1 56 44 73 24 64 62 56 83 78 94 42 52 71 11 94 44 14 25 9 99 16 74 52 30 33 87
43 13 57 53 1 33 6 26 62 38 54 46 24 7 23 44 88 77 36 13 19 76 89 40 16 46 15 57 81 78 16 26 0 2 10 47 78 42 34 13 4 71 78 18 93 81 60 56 41 59
27 39 26 15 59 7 33 37 35 86 17 21 46 42 84 5 97 57 71 30 78 3 6 58 19 21 97 76 90 69 12 64 81 87 90 15 36 23 51 39 47 93 35 99 53 95 22 11 38 42
87 29 69 48 50 92 33 92 57 80 96 70 28 68 9 35 17 99 20 39 75 6 48 22 60 0 49 49 89 71 43 93 62 5 35 89 31 99 27 7 94 25 15 99 73 43 61 57 79 99
88 14 73 74 69 8 56 5 83 76 83 18 47 26 61 12 71 38 26 60 6 17 43 28 94 63 92 67 73 63 15 22 31 70 25 3 42 51 15 47 85 4 11 98 92 86 21 77 50 24
29 0 55 74 81 47 11 43 14 49 25 28 60 83 65 70 21 73 60 35 9 36 18 9 28 6 71 24 69 90 4 6 7 46 84 30 7 56 86 13 50 58 28 32 64 15 64 14 66 4
61 32 8 63 10 12 82 62 19 28 36 0 76 9 16 60 12 53 29 66 31 67 34 2 24 87 63 99 46 67 34 79 26 44 16 99 46 28 29 5 43 33 99 80 6 60 17 90 25 74
20 25 59 49 86 68 29 54 72 60 35 26 28 5 56 98 99 81 46 5 39 92 85 70 42 75 86 38 70 8 55 88 60 65 0 31 11 18 9 45 59 77 71 52 5 69 8 47 34 60
83 46 12 0 19 93 24 4 12 1 1 82 72 23 39 61 30 10 64 52 98 4 11 56 75 48 98 24 85 84 56 42 16 69 66 8 92 82 40 79 29 23 53 40 3 92 34 80 63 36
3 97 52 55 78 82 65 59 32 19 91 58 89 37 31 32 75 68 88 83 1 27 25 95 20 24 4 96 70 42 94 27 50 88 5 44 54 44 34 90 25 28 91 36 53 61 24 15 84 86
2 60 2 50 68 39 85 42 2 25 42 46 13 95 90 95 29 70 38 51 96 88 0 0 69 37 25 94 59 72 38 24 92 52 76 76 82 98 8 52 72 18 40 13 72 34 70 89 26 70
99 74 98 60 70 7 24 73 52 9 71 80 70 68 29 26 63 91 3 91 97 92 78 94 50 92 61 55 42 43 73 87 26 49 64 17 92 81 81 57 48 59 95 88 46 16 53 15 53 54
44 33 32 43 69 84 21 59 10 77 14 73 56 75 70 85 36 76 54 87 18 90 38 18 79 41 62 6 30 4 33 35 26 68 71 44 87 96 46 59 99 92 1 2 39 2 75 2 44 72
0 27 66 91 50 31 94 60 81 40 51 83 89 98 68 59 30 16 53 36 50 81 88 84 17 80 6 77 33 68 31 82 93 90 93 7 30 63 40 46 12 21 22 54 44 18 31 81 69 43
11 69 90 50 80 63 91 50 87 54 1 26 78 28 71 88 48 56 85 85 59 96 66 36 99 41 21 88 75 67 44 43 93 85 22 44 92 33 54 53 82 49 68 66 17 32 76 19 2 25
89 76 86 11 24 31 82 88 24 73 97 6 12 29 19 92 35 86 9 32 65 49 59 52 47 92 16 87 99 16 2 95 43 16 87 85 58 11 79 85 10 2 76 65 78 91 10 81 56 3
11 11 53 58 62 46 17 36 33 83 89 84 83 11 74 79 45 71 99 23 73 76 28 70 71 65 39 36 41 29 24 96 91 2 70 39 39 7 5 60 20 94 22 32 67 4 12 4 21 86
45 73 74 60 77 73 76 26 82 77 25 43 78 23 3 15 18 66 90 36 37 78 44 20 67 61 5 92 19 34 44 77 46 18 64 50 6 72 86 29 72 55 4 86 28 65 8 72 11 55
27 60 55 25 4 84 66 96 4 95 91 85 19 31 51 66 92 87 67 46 98 68 96 34 34 4 1 9 12 68 74 77 0 33 44 38 45 48 29 34 20 81 82 91 92 3 79 46 83 81
78 87 25 49 21 17 16 19 90 10 93 23 30 42 25 89 89 75 6 77 75 42 61 88 8 56 98 94 74 81 36 26 37 29 16 91 45 94 87 46 88 0 46 54 38 56 95 17 81 35
58 49 36 58 63 69 19 1 93 53 75 57 20 80 14 22 97 89 51 10 23 91 77 36 59 36 50 78 25 46 45 10 76 85 69 68 96 79 61 10 28 88 89 75 83 53 25 71 6 9
79 34 57 23 73 98 85 92 36 88 3 44 95 11 10 88 9 65 12 33 77 63 38 71 45 9 96 4 59 42 13 50 7 42 0 10 55 41 58 91 87 17 73 95 74 9 88 25 86 18
91 74 88 34 3 3 21 94 44 58 71 78 58 29 21 41 21 93 74 89 8 88 72 0 83 12 14 57 52 64 92 87 55 46 68 66 9 32 82 43 36 54 54 73 50 24 61 33 32 66
26 56 52 74 14 98 50 48 35 91 65 91 10 21 7 64 72 22 23 87 94 16 84 21 78 77 7 14 91 13 67 65 1 21 14 4 6 67 27 72 59 7 49 7 98 43 76 87 22 85
4 55 21 41 11 57 86 7 73 53 86 25 22 94 45 27 59 64 80 78 32 94 58 87 82 14 31 35 36 59 60 7 37 33 45 69 7 58 45 31 65 19 69 49 5 83 57 50 73 84
54 55 98 29 78 65 70 44 7 74 7 95 7 87 74 76 14 71 54 44 62 81 93 37 78 21 39 36 7 90 34 8 77 86 66 77 99 83 40 67 62 48 46 57 15 52 86 15 31 9
60 82 61 57 0 0 16 90 82 87 10 10 35 14 42 37 88 13 3 74 38 52 43 65 46 64 34 91 50 5 31 24 65 61 30 57 54 17 32 61 55 41 79 90 87 33 34 43 36 98
5 85 91 43 88 60 38 36 71 85 90 48 36 83 80 11 42 30 53 78 83 55 5 12 58 17 54 77 61 43 65 68 61 90 38 36 13 11 2 69 12 69 3 40 16 25 25 77 15 90
93 79 91 24 20 77 35 41 12 63 85 82 75 33 39 45 29 7 25 21 68 25 45 48 97 8 3 2 95 5 68 76 75 60 25 38 12 86 15 95 7 40 40 48 38 57 58 71 74 79
78 37 92 85 28 14 69 67 50 79 11 15 53 58 56 37 54 6 80 83 58 68 29 72 90 59 35 53 0 88 9 24 60 92 94 30 50 60 0 40 0 62 25 92 25 18 72 61 59 24
44 52 30 47 97 13 65 62 46 78 6 79 53 80 32 70 1 45 70 1 76 94 97 39 56 92 19 84 46 87 86 75 38 23 74 74 65 6 30 87 83 99 44 67 80 95 27 48 85 64
46 10 42 77 2 32 42 39 26 50 12 0 50 69 94 28 77 17 64 3 25 45 8 44 60 28 95 56 98 62 41 50 10 73 53 16 6 42 38 57 62 6 1 60 48 7 62 72 5 18
55 48 60 51 50 5 49 5 98 5 39 29 15 87 83 41 34 86 77 10 44 1 52 37 76 86 89 38 39 8 46 19 43 60 13 28 52 47 11 78 74 24 41 44 54 40 2 97 95 39
41 92 64 71 31 29 32 82 3 2 58 99 78 54 58 76 4 97 24 84 64 96 99 7 4 78 60 38 55 92 30 22 58 22 69 7 68 91 56 16 6 96 74 6 62 82 81 22 66 21
89 17 13 81 77 18 39 38 31 20 82 43 50 95 70 84 64 44 10 58 58 54 52 40 60 84 69 52 32 46 32 49 31 21 43 36 27 64 58 25 14 25 1 41 43 7 36 23 94 63
70 62 70 61 53 14 93 53 57 96 49 79 76 51 21 51 1 75 57 28 77 8 64 71 77 97 28 23 64 7 39 72 50 66 95 11 87 17 74 96 65 5 65 96 76 7 28 82 62 56
92 40 75 97 42 79 93 75 49 25 32 10 41 15 23 58 74 40 24 77 29 74 64 88 64 21 27 76 52 32 93 77 58 88 11 37 20 11 0 60 56 83 19 47 80 2 3 58 72 25
53 94 1 64 21 59 15 59 70 72 80 65 70 40 17 76 80 28 61 81 89 38 43 50 32 14 3 40 61 80 77 65 38 70 66 15 74 74 4 20 70 42 23 94 47 62 55 95 4 50
81 70 81 44 23 67 68 25 14 15 44 44 69 97 54 85 81 76 64 97 46 77 10 99 35 89 67 53 94 28 71 73 47 34 94 76 94 16 31 89 3 74 77 7 4 23 63 60 52 46
20 96 98 16 25 48 28 41 81 31 13 6 69 19 48 99 89 23 96 10 53 12 84 5 7 96 76 28 52 72 14 61 65 16 98 20 1 11 84 90 90 94 17 63 31 97 40 38 5 89
10 33 95 2 0 64 83 53 96 36 32 13 58 46 39 58 79 90 19 11 52 35 56 8 49 70 86 4 34 48 55 82 65 66 66 15 94 37 25 1 52 73 78 45 87 17 25 71 79 67
45 94 12 97 13 17 67 65 12 94 61 88 11 76 9 19 76 66 64 9 9 31 54 9 35 3 27 92 43 58 13 22 85 70 77 64 8 55 61 38 55 65 32 6 83 50 89 23 89 91
21 15 97 49 71 94 13 45 39 95 44 47 10 25 83 16 31 51 1 62 88 34 83 10 32 95 82 75 62 35 3 33 22 37 59 40 0 75 71 79 96 33 31 88 84 44 1 25 65 58
89 95 16 60 12 37 20 22 21 80 41 51 98 28 33 53 67 46 58 62 71 20 70 89 49 48 75 18 18 45 11 81 30 67 35 29 37 0 56 5 12 6 97 71 36 68 48 69 38 71
61 15 33 0 26 22 27 14 86 45 72 30 11 31 82 43 38 77 82 99 4 9 80 92 68 34 55 95 99 67 49 30 18 23 5 84 76 49 57 52 84 27 88 53 14 96 80 40 92 63
63 34 16 13 33 25 56 87 45 60 31 79 24 25 62 19 54 13 6 28 82 74 90 81 47 12 90 54 90 81 66 16 47 38 45 49 0 27 88 8 20 99 58 39 23 99 17 41 91 55
20 30 43 89 9 65 82 31 14 34 55 82 15 77 86 16 42 92 79 95 17 86 54 21 95 89 8 72 21 89 80 46 27 49 68 75 63 84 93 55 77 64 82 9 26 98 75 99 90 92
17 31 33 54 97 0 20 95 60 49 94 41 15 54 15 45 71 82 67 1 47 53 18 31 60 2 47 88 36 47 52 48 15 21 51 57 15 40 88 86 39 34 65 61 44 54 40 97 7 10
30 99 49 36 79 19 50 61 23 13 81 47 0 64 12 27 43 85 42 61 92 3 61 81 65 29 53 66 34 65 36 5 76 2 93 80 87 98 0 89 92 4 91 18 97 75 33 22 64 49
55 70 69 78 43 77 77 78 78 88 52 49 79 71 30 25 47 97 80 56 2 95 56 50 62 7 59 6 69 61 11 58 37 42 79 2 87 29 52 13 2 9 15 14 83 51 62 88 56 26
69 37 19 50 42 33 7 44 97 68 22 84 63 9 45 22 17 44 77 66 72 96 60 65 86 65 61 64 58 89 80 31 11 92 8 45 52 21 84 21 64 65 15 63 51 18 34 88 35 23
74 60 50 55 56 57 73 20 79 91 71 74 93 23 11 12 2 20 36 21 93 56 86 97 79 7 42 6 77 72 75 54 41 41 60 65 60 52 68 29 97 49 33 78 27 91 97 61 64 11
36 3 14 44 36 18 79 5 36 95 30 31 55 19 86 9 25 93 0 60 39 52 69 20 35 14 99 16 79 2 99 18 46 34 22 37 79 59 43 93 11 82 36 82 49 8 87 71 6 66
70 99 65 89 67 13 40 67 63 24 23 80 77 46 92 49 90 1 84 45 70 60 32 8 74 90 54 37 62 4 81 54 77 34 24 59 10 46 76 31 25 71 32 24 47 16 6 65 69 10
49 96 30 67 15 42 95 19 52 61 88 6 74 20 86 32 15 3 35 53 80 53 20 32 33 33 90 35 92 42 81 93 23 59 38 66 17 80 27 70 7 79 88 77 29 12 69 98 21 47
13 18 95 55 86 70 63 80 24 98 58 0 18 66 99 67 76 17 23 24 43 44 53 70 8 43 75 87 75 99 66 64 86 31 34 4 7 33 66 84 98 92 40 90 93 11 72 54 95 17
95 14 24 33 75 65 42 83 66 36 43 98 39 14 90 26 20 77 48 32 31 57 97 46 81 34 20 17 62 28 23 57 55 65 9 78 36 40 0 67 91 90 94 45 42 12 93 89 53 36
64 7 17 26 43 56 59 87 98 50 52 16 42 45 59 36 8 24 55 35 43 45 99 73 21 11 54 93 62 90 87 66 59 54 74 2 38 40 45 7 8 36 85 54 14 90 0 31 9 74
47 62 85 51 57 77 76 37 61 96 69 38 19 44 74 77 39 57 10 86 4 77 54 67 59 31 5 25 11 90 22 59 29 98 46 82 76 2 1 57 92 88 35 50 35 67 82 8 60 22
84 79 39 81 72 91 2 24 52 21 52 11 70 56 83 81 44 28 35 44 26 39 19 70 43 54 66 64 41 85 33 95 14 72 33 3 3 92 26 71 12 53 14 6 40 83 46 87 45 3
19 99 23 30 82 55 62 3 37 77 93 64 57 86 92 97 58 60 76 18 69 2 89 94 14 6 2 53 94 43 0 74 52 20 17 72 96 61 19 2 19 41 18 77 42 18 55 2 35 74
15 19 44 6 51 29 22 34 19 84 70 80 30 81 2 93 52 33 46 23 27 57 45 82 72 60 34 16 89 14 52 45 1 72 17 77 75 35 65 78 1 28 61 22 44 4 18 7 70 32
