94 63 80 47 44 45 87 19 42 91 47 79 46 15 26 70 39 71 83 49 1 54 53 27 32 12 46 78 19 10 13 48 48 77 87 63 87 97 24 33 82 7 97 70 35 14 45 72 79 69
6 54 20 61 1 84 5 36 98 86 4 15 63 81 81 95 18 2 78 82 22 39 68 23 93 15 49 83 15 12 91 51 94 11 71 71 12 15 53 70 67 47 41 95 49 75 24 66 25 14
45 39 0 86 59 8 23 57 72 4 85 29 93 68 25 73 91 35 68 48 5 75 98 41 9 35 33 76 48 72 69 34 95 34 58 48 51 67 59 71 48 98 17 79 58 11 70 88 31 19
75 67 97 60 52 31 68 43 37 57 25 72 48 7 97 81 56 73 14 28 15 72 92 19 91 41 52 29 67 5 1 78 66 70 79 99 43 94 88 90 58 14 94 19 45 83 51 55 63 14
96 26 97 43 51 1 61 75 96 1 13 89 99 58 18 10 16 89 43 71 88 23 87 36 67 85 13 38 48 52 10 94 47 85 6 89 13 11 86 5 3 23 8 50 57 78 47 29 8 51
74 16 42 87 93 81 3 34 17 62 18 39 40 57 81 67 37 13 78 75 87 17 49 14 16 64 15 68 11 7 46 48 7 69 7 27 34 75 57 4 83 88 45 33 74 79 20 48 3 42
20 82 35 23 85 39 81 62 49 1 44 80 49 61 10 6 17 12 58 3 11 98 13 25 66 57 1 89 44 60 12 31 71 57 70 15 2 78 59 78 67 30 10 45 43 45 33 74 29 37
26 22 95 68 46 93 94 39 45 31 3 39 96 71 41 47 87 4 38 44 35 99 70 86 72 35 89 23 5 9 5 33 80 87 99 53 56 85 95 32 15 98 96 39 91 16 81 55 95 7
57 30 43 27 51 65 38 29 84 14 87 70 79 32 3 35 13 66 32 38 90 58 25 78 57 39 36 69 33 3 26 21 32 52 14 32 3 66 85 3 71 22 49 50 42 57 78 76 65 6
95 86 83 82 0 61 90 0 47 99 18 76 22 32 74 61 10 23 95 86 10 8 42 84 37 61 46 84 36 17 46 71 79 0 49 32 61 23 12 42 9 24 57 8 6 67 54 18 7 54
28 33 54 44 96 29 82 7 21 23 61 27 0 65 95 35 90 40 22 66 94 39 53 75 63 16 87 2 11 81 79 91 46 78 57 8 54 5 41 92 32 41 13 28 31 29 20 29 10 19
42 72 95 39 97 58 65 86 46 47 16 70 4 62 21 4 2 26 27 65 26 80 14 7 45 66 40 94 36 3 61 63 40 82 43 41 58 69 39 65 84 29 51 19 98 9 20 3 42 37
77 94 98 52 0 76 80 68 75 9 29 5 66 20 60 82 44 38 56 5 62 67 43 2 75 85 8 33 67 37 69 53 91 30 65 28 40 36 27 77 97 46 12 78 32 22 41 41 67 89
4 23 99 57 37 45 89 50 28 92 43 93 76 82 7 99 42 33 90 70 86 31 55 72 17 9 36 77 19 86 61 2 64 0 51 85 78 82 68 95 37 25 99 60 66 41 52 28 57 3
74 49 13 58 10 97 57 84 67 63 61 29 22 82 81 39 97 68 7 26 94 26 14 68 39 90 23 10 93 74 85 54 4 27 50 22 23 66 12 31 62 89 36 85 64 38 90 42 3 0
0 38 67 43 29 88 23 7 62 82 50 95 46 76 35 98 55 0 65 27 42 64 38 44 99 37 59 9 66 35 84 77 89 6 17 15 54 76 47 59 5 15 71 51 68 84 28 1 92 70
47 4 98 87 53 42 63 61 92 69 24 10 55 33 60 31 47 59 96 44 51 5 5 5 8 57 40 90 52 83 64 84 98 96 78 99 18 57 76 98 75 15 95 94 16 18 2 58 14 47
81 88 82 35 47 69 61 77 24 2 1 12 26 47 7 87 61 50 19 57 76 95 29 77 52 15 65 88 44 59 26 94 21 47 52 21 97 23 16 37 9 35 73 57 9 86 46 61 6 92
92 26 18 93 17 79 86 75 24 51 84 42 45 96 20 13 23 54 29 83 20 75 90 99 11 32 72 49 22 39 38 33 45 96 50 57 61 60 42 92 45 56 37 72 15 56 38 86 23 0
77 77 3 2 23 4 75 89 77 47 58 72 95 6 51 10 78 76 87 71 98 28 75 94 49 19 20 70 58 17 28 57 39 24 48 71 50 27 5 27 5 99 17 23 62 2 25 64 38 23
72 59 77 84 27 82 33 62 48 77 94 49 98 30 25 95 82 42 39 49 42 18 61 43 22 97 10 80 75 8 43 40 19 26 85 12 74 64 34 46 85 2 46 64 2 73 79 59 78 18
86 35 46 72 40 10 47 13 41 60 59 59 52 51 62 56 22 22 14 77 38 90 67 16 68 54 83 7 29 77 67 45 5 27 63 73 19 68 97 84 67 50 99 18 24 71 85 31 63 20
30 49 97 8 27 73 82 47 67 68 77 86 68 76 79 76 27 49 77 51 87 85 62 17 70 40 41 4 70 81 57 45 51 69 57 28 65 7 93 4 52 18 78 76 2 56 12 72 49 64
25 30 73 61 40 76 84 99 20 52 89 30 22 14 8 24 61 2 36 37 31 53 82 2 27 89 44 58 67 97 53 71 44 57 84 51 85 48 32 40 6 21 25 6 48 82 45 14 64 64
65 89 51 21 39 28 20 71 90 40 73 44 59 30 44 15 67 52 94 46 4 75 44 34 90 60 26 45 47 23 70 24 68 93 49 12 30 42 15 98 82 78 21 37 75 40 48 36 24 31
69 79 32 45 6 40 81 72 39 58 99 93 49 38 43 21 93 41 37 85 71 71 0 34 67 25 92 99 88 91 21 19 60 51 57 33 94 98 36 19 38 87 40 84 59 63 30 31 95 68
42 17 79 85 28 12 44 69 96 93 36 40 72 65 19 86 66 93 65 48 76 63 19 99 24 93 34 61 80 24 5 37 97 14 71 50 2 71 63 48 60 6 42 56 82 58 6 86 13 88
41 44 13 83 92 74 39 60 70 19 18 72 46 41 60 98 49 16 82 98 38 84 90 22 93 81 27 35 85 86 62 29 58 0 69 49 46 56 39 24 23 37 31 21 61 73 59 61 66 27
61 24 62 41 60 5 36 86 8 60 85 17 66 91 69 24 34 99 96 79 34 91 61 90 87 68 56 35 51 25 25 3 7 32 11 13 81 26 29 23 33 36 28 47 74 20 62 29 25 19
29 68 50 20 45 25 6 71 32 16 68 34 58 96 11 22 33 91 82 63 60 86 13 34 18 50 41 66 85 97 80 9 51 61 50 4 62 70 93 86 6 3 21 59 2 62 47 7 99 70
2 20 57 75 62 26 54 22 18 46 98 80 76 46 49 95 95 76 96 36 45 46 81 26 88 78 86 98 41 6 37 5 80 55 71 24 17 78 73 80 96 50 44 50 35 66 69 92 72 44
84 57 97 47 70 76 26 85 22 60 1 23 21 87 11 36 50 11 5 50 32 63 42 78 96 41 30 74 34 62 16 52 57 65 3 72 22 61 42 89 64 60 15 53 46 35 56 10 18 34
72 64 3 83 38 13 93 0 28 91 48 93 64 49 41 53 11 83 78 56 76 90 59 43 89 49 11 48 80 8 91 15 97 59 53 70 2 85 65 73 3 23 39 96 7 43 21 74 94 84
48 52 82 75 23 51 20 65 80 61 7 81 15 19 76 50 22 91 42 79 99 85 56 26 75 17 12 69 72 56 12 10 98 43 56 14 4 82 9 1 10 20 74 99 27 11 28 55 65 71
80 56 20 49 77 30 76 58 54 27 82 14 71 68 58 88 20 44 70 84 88 49 51 57 75 3 87 38 5 97 35 15 74 54 0 43 90 43 75 74 13 23 87 73 51 40 14 42 8 73
34 11 60 18 14 21 19 10 43 95 85 82 32 91 32 63 74 19 76 84 68 97 21 50 89 51 4 43 36 31 69 56 57 56 30 58 33 85 24 4 50 55 92 51 8 48 58 35 96 18
92 55 30 57 62 92 99 37 44 72 41 88 91 63 96 21 12 73 38 52 92 68 95 55 85 51 33 65 43 48 5 88 59 74 26 37 98 44 47 36 38 96 39 92 30 20 37 77 2 64
20 59 28 12 16 88 75 98 96 59 66 73 55 28 5 56 56 23 30 17 36 89 85 20 40 89 34 73 6 41 6 62 5 14 22 31 5 52 77 10 62 0 69 48 86 86 93 88 37 29
1 27 53 92 25 97 45 98 40 91 20 41 25 78 97 85 40 21 41 31 8 21 35 96 54 23 43 78 56 21 94 8 54 79 17 88 24 81 60 26 19 25 73 91 79 41 15 41 69 53
54 97 63 59 49 94 43 68 37 46 13 12 96 16 89 55 64 0 17 97 66 47 81 89 60 28 22 82 91 17 41 25 74 73 83 66 63 46 98 23 60 87 54 27 6 9 37 50 18 13
1 42 8 35 70 86 18 98 94 45 37 65 1 98 7 78 40 27 76 18 40 69 48 91 96 56 31 7 93 60 87 93 58 93 72 30 17 55 55 85 30 55 69 36 27 49 79 15 3 66
11 16 88 61 4 56 68 4 50 26 87 4 65 91 66 9 85 3 18 15 89 91 21 37 15 16 31 36 53 3 60 77 30 44 83 11 26 13 16 44 60 27 81 97 0 40 91 41 58 66
40 85 64 78 96 74 66 21 75 14 89 34 97 52 20 83 58 85 34 26 96 18 43 82 82 34 34 70 3 66 71 83 20 6 26 95 42 36 67 1 64 3 43 54 83 0 63 37 61 17
7 94 86 28 39 30 50 48 36 35 26 90 25 76 6 45 47 44 29 11 30 74 58 91 80 74 10 74 76 70 14 97 47 81 26 76 71 4 91 56 27 46 87 40 22 52 66 84 86 27
11 60 83 36 15 54 42 16 65 60 81 45 47 89 75 98 42 31 86 46 0 98 56 51 45 15 88 23 3 98 99 46 85 77 38 59 74 61 18 49 60 28 2 85 32 45 85 21 41 55
66 53 17 11 24 82 86 57 54 96 9 88 65 67 12 59 69 16 37 59 41 69 28 46 53 91 54 63 94 68 28 0 66 17 8 91 72 10 60 97 43 90 9 52 84 26 20 98 89 46
86 73 42 21 15 85 73 76 46 37 70 79 9 15 71 27 12 38 72 15 22 60 31 50 84 55 40 61 26 41 83 54 83 42 3 85 33 76 17 21 51 24 37 91 21 96 60 45 99 70
63 70 0 63 33 48 55 4 82 42 12 4 11 7 33 45 4 89 84 18 60 21 45 4 25 60 48 98 43 17 72 91 76 17 53 22 23 67 83 71 64 1 67 73 40 79 40 61 14 4
54 0 45 0 91 48 91 2 98 18 39 17 64 76 43 34 94 53 50 84 1 44 10 82 26 28 60 45 2 39 80 97 99 35 3 15 0 39 69 4 54 39 36 74 88 23 98 2 51 36
0 82 82 58 43 78 34 6 19 17 51 42 24 17 89 42 69 94 84 28 95 29 57 48 17 98 80 5 18 79 83 99 46 21 16 81 35 71 80 77 17 93 25 42 54 12 90 66 34 41
85 88 45 62 47 38 35 31 17 82 9 16 24 29 95 27 84 72 47 45 10 44 36 29 22 14 56 85 99 96 56 57 75 78 15 22 6 65 76 65 21 43 71 2 60 99 59 81 23 70
71 25 41 70 82 88 49 36 82 24 65 54 18 28 14 85 88 58 54 42 76 18 82 97 37 82 9 91 24 1 89 1 97 65 46 3 71 66 10 92 30 18 61 19 64 80 76 50 57 36
44 23 74 78 24 17 54 70 60 13 73 68 51 38 78 28 48 39 63 29 31 43 78 67 66 69 9 6 23 20 72 21 73 25 61 80 33 73 35 89 63 36 97 47 9 41 42 57 38 98
95 15 62 5 68 70 40 37 57 55 19 71 34 73 89 1 13 4 62 57 86 37 22 5 81 37 43 64 4 97 45 7 48 24 91 65 36 65 31 55 92 20 41 11 71 90 70 64 5 51
28 3 29 73 72 69 14 77 87 68 32 32 10 44 9 39 68 2 71 28 81 54 58 84 70 35 42 50 88 16 13 45 92 12 18 77 17 43 39 47 20 62 96 93 81 57 98 17 9 83
20 14 36 37 34 7 84 54 29 65 81 80 25 93 74 13 24 55 23 37 37 57 60 40 86 71 32 71 8 23 40 45 62 63 68 19 46 92 64 35 92 86 95 4 45 79 57 34 18 34
44 31 21 4 48 63 50 24 93 62 7 89 32 32 61 21 54 37 94 53 87 3 55 28 42 10 59 72 5 32 46 42 34 75 99 18 41 92 92 63 33 63 1 25 21 71 8 24 12 33
29 26 73 23 90 70 32 90 10 1 46 35 8 46 10 69 50 49 10 67 34 69 1 17 81 26 40 44 47 48 58 11 58 80 93 92 50 93 98 15 44 21 70 71 73 3 40 40 91 32
61 83 62 88 97 59 95 43 75 94 32 89 97 38 64 9 80 18 18 56 96 75 92 68 65 57 5 72 7 45 69 19 53 64 97 2 78 7 80 39 39 54 15 96 93 1 59 11 31 57
17 44 77 65 56 68 28 53 55 17 88 14 83 61 60 7 72 19 15 4 95 59 13 29 84 63 59 11 24 11 71 43 46 46 72 61 2 24 77 31 73 44 82 43 96 29 22 69 87 50
7 72 75 9 98 83 56 99 97 96 68 15 30 64 13 61 45 57 60 9 95 7 46 83 80 90 53 83 19 84 78 26 70 91 51 16 86 68 70 90 60 51 54 25 8 89 80 4 53 1
52 67 19 98 9 21 70 11 80 72 79 35 67 57 25 89 45 96 24 88 69 18 47 40 18 78 51 17 66 2 81 34 46 34 67 32 59 33 29 64 20 63 94 95 53 14 56 52 38 64
46 90 29 26 78 93 69 94 58 70 65 84 70 58 15 6 75 89 45 94 34 84 53 19 94 50 78 85 70 83 14 26 40 8 95 19 59 51 61 33 79 75 47 29 11 90 55 28 9 85
53 6 4 53 15 77 11 53 51 8 47 85 73 37 86 22 39 26 51 0 55 39 99 95 47 68 5 5 18 10 4 79 9 80 25 52 48 3 87 8 13 48 16 86 14 47 31 2 26 28
53 1 41 91 71 43 34 43 58 5 44 73 64 87 69 49 37 52 65 90 34 82 72 22 99 60 24 81 6 5 86 39 23 26 31 49 48 66 62 83 85 56 40 70 40 45 38 99 36 76
93 61 22 86 8 46 51 21 23 82 8 48 0 11 31 35 97 0 18 92 61 1 88 99 1 75 16 98 86 43 32 66 49 7 71 79 26 43 31 30 20 59 72 99 37 28 88 23 44 96
30 32 44 82 7 68 38 54 86 25 20 36 27 28 31 3 24 25 25 32 97 15 23 79 24 35 22 56 68 11 81 27 64 53 1 62 48 57 86 41 95 76 90 6 91 10 98 46 55 75
37 46 32 18 79 27 36 40 23 37 65 45 55 47 9 78 65 41 15 83 14 13 12 69 32 35 59 72 73 85 21 36 8 71 85 68 73 34 38 44 36 79 51 54 82 48 62 21 28 11
13 40 52 53 82 81 9 15 59 32 69 93 91 51 36 99 30 3 12 56 25 1 0 1 34 12 83 53 82 59 17 28 69 21 43 98 82 23 5 34 70 14 93 46 84 60 69 24 15 78
11 69 81 53 43 13 31 10 97 94 63 95 4 76 40 48 5 9 26 17 60 73 38 16 46 42 83 83 70 69 8 12 79 36 25 61 12 51 77 41 54 26 17 62 13 97 28 73 52 34
48 19 91 64 35 6 50 42 41 59 28 21 0 68 1 76 14 34 21 10 66 25 35 62 26 65 77 86 38 58 98 53 91 73 37 4 62 43 11 72 55 67 75 49 96 78 7 6 17 75
72 91 26 13 33 42 98 30 12 30 42 39 64 53 29 74 85 92 43 51 39 30 37 66 56 71 17 34 4 63 79 81 17 85 3 36 38 54 68 3 45 81 90 54 10 91 53 74 45 29
57 11 56 51 90 24 58 77 88 30 58 38 38 18 47 16 61 83 18 56 67 26 88 85 95 92 10 32 68 76 49 82 51 33 62 80 69 97 37 56 24 72 14 20 18 90 79 31 40 40
99 89 54 75 61 95 65 60 90 77 42 32 27 30 95 48 17 24 56 21 1 8 54 7 29 65 49 42 78 92 60 51 84 45 59 18 95 9 53 21 75 58 48 31 59 61 78 80 34 52
84 57 28 63 13 4 84 78 70 98 93 18 81 94 18 70 30 97 77 35 9 3 9 76 24 36 91 14 82 59 28 18 87 49 4 88 71 3 38 58 92 8 21 24 46 25 53 94 66 49
29 72 75 23 51 72 38 46 35 91 90 51 93 38 23 31 51 74 23 17 43 25 50 28 10 0 69 46 4 53 97 5 63 1 83 91 96 74 93 10 10 62 65 86 48 11 99 32 2 27
21 48 89 35 76 80 43 3 67 60 53 80 80 26 4 36 38 47 2 44 70 92 76 33 80 66 41 69 62 10 52 53 57 72 12 89 16 17 23 20 69 85 24 14 52 3 46 49 60 22
22 98 40 85 78 2 81 33 60 93 4 77 85 92 95 20 89 61 53 36 30 28 76 61 19 58 78 24 31 77 89 44 55 62 67 44 90 54 84 45 39 18 59 73 89 32 27 28 82 95
73 64 31 30 56 70 78 73 79 40 35 39 31 94 44 4 45 36 47 72 96 3 41 76 56 6 41 24 73 77 44 19 19 34 39 88 1 11 96 8 37 18 28 52 6 24 60 90 8 79
6 74 96 91 3 75 66 0 57 11 9 32 59 14 50 83 37 24 12 66 27 73 30 59 95 54 61 59 90 72 44 25 42 16 36 16 43 35 0 89 8 70 98 25 16 89 6 76 61 67
99 67 2 57 84 66 72 9 6 93 94 84 59 41 64 34 9 52 96 14 5 97 71 62 61 72 74 48 57 21 72 81 12 65 93 49 87 27 85 99 52 32 95 72 57 60 89 76 55 98
23 73 40 61 6 15 0 70 21 6 93 89 57 14 36 65 64 94 25 8 34 81 60 67 14 93 79 55 88 0 49 18 43 62 54 77 44 21 3 22 18 59 69 93 38 68 45 58 72 81
0 27 47 62 61 32 95 6 25 34 73 47 18 44 63 65 59 3 72 63 37 97 58 12 6 64 57 54 54 89 71 34 3 2 87 87 44 77 87 29 63 0 90 58 1 52 49 48 83 95
87 20 95 41 37 72 43 40 87 24 24 35 11 6 54 66 12 22 89 89 22 66 13 42 42 80 43 83 57 31 26 32 82 26 40 57 12 56 14 28 88 28 18 86 35 50 27 67 43 48
11 0 11 6 87 52 87 78 59 8 75 38 45 0 62 62 2 61 55 12 57 31 43 32 45 83 84 87 26 96 78 96 40 61 72 3 41 95 80 23 91 43 11 92 46 48 58 12 93 64
28 72 72 27 52 53 72 35 22 24 50 74 20 13 74 97 12 93 24 19 22 75 12 44 27 39 76 97 7 15 97 22 3 46 75 36 29 64 66 30 48 54 25 95 56 14 15 19 71 56
72 86 80 62 31 62 38 52 72 44 99 88 10 47 59 75 92 81 31 63 28 61 34 6 79 41 5 15 82 46 38 9 82 68 97 0 93 4 4 56 86 34 64 60 96 90 12 36 25 95
68 56 57 69 97 32 24 54 69 41 44 18 28 71 54 55 60 49 47 90 89 67 58 56 67 82 4 66 69 85 28 40 89 52 76 8 33 97 24 98 47 90 29 10 30 6 42 95 14 5
15 95 78 46 20 44 74 66 20 95 58 76 46 86 41 5 93 51 33 68 49 74 87 10 77 56 35 61 92 32 49 22 75 38 70 76 93 11 40 65 35 3 1 76 76 74 96 77 51 25
50 76 91 75 14 32 38 63 66 38 10 47 78 26 41 90 54 83 62 8 74 56 34 28 82 72 85 58 67 12 46 91 40 87 34 10 63 19 88 75 96 19 1 63 15 1 8 31 92 40
71 56 40 38 79 84 44 63 48 58 18 65 82 33 85 36 49 59 94 87 24 66 96 68 46 43 90 86 1 81 49 51 7 68 64 4 60 41 29 48 50 63 88 1 63 12 0 54 83 29
47 26 63 27 43 96 64 7 74 23 56 87 8 56 68 17 98 53 72 2 60 33 14 87 3 30 96 71 12 0 65 51 32 8 81 51 91 89 13 93 51 43 73 15 32 7 68 67 0 52
35 67 34 92 64 67 50 23 61 63 88 6 40 59 17 97 94 21 49 84 36 56 67 51 61 50 62 29 17 15 77 16 38 96 51 86 20 35 31 18 35 2 20 90 29 19 64 18 58 8
37 22 30 65 93 11 28 65 42 9 30 95 8 7 78 69 39 59 61 61 83 6 20 8 69 1 6 36 94 21 37 31 54 33 23 27 70 68 5 40 93 51 31 0 36 91 23 35 49 8
62 12 90 13 25 89 12 93 31 19 3 72 30 63 21 4 90 27 2 96 8 34 91 74 15 8 92 63 87 93 61 82 98 86 40 80 31 37 54 68 5 59 56 14 60 58 22 68 99 85
17 39 78 25 68 98 3 31 47 15 91 91 5 79 12 16 8 4 85 30 36 32 57 90 56 90 11 7 59 39 16 98 54 15 16 32 51 75 25 78 85 36 39 41 84 64 48 14 82 23
55 22 97 46 43 5 81 51 96 42 24 46 8 3 33 61 44 98 30 69 62 84 74 70 3 91 30 18 3 29 94 98 63 37 4 2 65 22 13 76 69 98 37 6 74 72 56 98 98 34
17 62 4 97 3 87 10 87 16 14 34 66 85 32 56 72 6 78 68 75 81 81 34 85 49 82 98 44 75 49 6 38 49 11 67 34 82 7 70 74 85 93 62 15 85 24 72 31 50 24
28 27 98 79 50 53 54 99 72 20 15 65 47 37 33 20 25 37 16 66 32 3 34 59 72 26 51 35 50 73 58 57 60 98 85 93 37 6 11 43 55 10 8 34 70 29 66 24 12 41
28 84 9 62 39 38 11 55 58 37 85 66 8 84 92 76 40 59 84 18 88 6 40 42 38 12 97 65 1 33 82 72 51 7 26 54 80 71 64 14 77 84 86 70 44 95 17 8 57 25
