0 31 99 91 59 28 11 63 32 34 80 15 22 87 11 31 96 72 88 68 18 43 79 36 49 32 8 92 6 38 9 48 76 89 73 48 35 38 32 89 72 81 70 34 33 51 29 55 51 46
24 55 47 66 52 50 16 43 2 87 99 25 62 86 91 16 52 72 59 9 16 73 29 21 72 89 86 15 15 52 74 82 10 21 79 40 36 11 83 45 26 43 63 40 72 88 82 20 66 61
11 32 58 34 82 68 71 48 31 16 92 61 39 87 20 82 82 53 25 35 2 30 76 38 8 37 81 44 56 16 53 2 1 65 1 28 48 9 98 20 54 88 12 46 39 17 78 14 6 84
72 21 57 12 83 53 84 69 9 17 97 99 72 53 23 79 62 13 24 97 20 91 77 3 7 96 58 78 99 10 74 19 64 10 1 9 33 63 53 27 23 81 69 92 51 26 29 4 50 46
85 75 46 29 98 87 99 6 92 2 79 99 85 32 68 35 3 43 98 20 98 73 63 66 61 55 67 32 63 25 78 57 76 20 28 54 94 93 25 92 6 53 70 69 86 83 30 78 92 13
62 43 4 43 98 17 49 53 51 82 70 56 47 21 90 74 85 37 45 92 25 25 24 14 51 0 8 16 1 72 45 37 62 52 44 53 74 18 89 11 22 33 53 97 33 44 32 58 42 43
85 62 37 63 71 43 67 75 43 28 66 75 52 87 15 35 77 41 48 31 35 15 6 48 6 19 16 28 89 42 53 56 6 98 8 16 51 63 28 69 98 51 8 36 18 60 13 94 20 66
72 93 74 76 17 79 55 47 17 37 13 33 3 61 5 55 51 71 46 7 67 50 61 37 84 18 20 35 90 0 98 82 57 76 74 34 14 95 23 25 31 95 12 93 82 14 60 97 53 83
42 61 84 19 76 10 52 46 27 14 31 55 43 75 91 87 37 19 59 49 75 15 89 12 56 9 8 28 92 90 78 89 95 38 95 87 52 63 15 84 59 21 82 48 43 9 78 81 69 82
44 12 99 99 81 86 5 85 78 77 34 54 41 26 10 38 70 95 95 38 24 13 52 6 37 29 53 62 65 38 16 80 96 7 60 2 95 15 23 38 44 28 53 60 9 9 56 46 29 19
49 13 12 79 98 73 90 87 51 14 15 36 94 9 25 46 71 97 78 21 98 60 97 97 50 48 67 41 44 67 40 53 50 17 37 26 89 66 22 59 86 90 32 31 22 99 54 80 23 53
91 0 70 33 25 46 64 57 96 92 25 41 82 95 1 14 1 35 38 43 63 19 18 17 33 9 47 18 74 26 96 8 0 1 92 24 36 88 77 84 72 5 26 4 15 26 38 68 81 33
45 33 9 39 27 30 91 3 4 82 57 70 74 95 80 73 55 18 29 30 12 94 5 68 55 70 23 42 68 71 37 22 66 33 35 3 35 16 39 17 6 4 35 62 93 71 28 10 85 47
40 86 77 45 92 94 66 20 77 4 46 24 8 27 55 63 1 25 36 33 36 73 63 45 68 32 47 7 5 31 83 63 9 31 15 24 19 78 99 77 49 36 13 4 60 97 28 77 10 7
96 10 20 23 42 47 64 42 44 55 35 12 23 36 79 84 75 36 33 69 91 74 79 27 10 40 85 66 48 48 50 67 56 21 26 24 89 14 5 10 56 8 18 38 67 84 45 29 25 17
37 74 74 29 69 58 87 18 27 28 53 55 59 77 54 79 70 80 86 52 56 26 60 59 7 89 5 34 8 74 64 12 62 75 37 38 7 23 76 87 8 27 91 8 50 38 47 92 94 35
63 34 0 81 74 67 31 34 54 37 95 44 6 21 51 42 21 3 30 57 77 84 26 31 20 76 29 7 1 23 13 64 97 97 22 76 20 11 94 70 9 25 65 7 29 76 10 80 13 61
83 5 81 7 91 65 31 54 10 63 28 41 41 3 5 21 46 25 59 83 49 30 97 44 3 96 69 7 0 68 51 52 70 64 99 12 4 80 55 97 71 87 13 73 4 92 56 41 53 23
26 14 84 12 6 7 67 71 69 30 68 62 98 49 88 2 74 29 97 56 1 42 83 68 87 26 47 9 52 67 34 54 82 31 8 72 53 14 89 50 89 22 34 6 38 44 82 5 61 1
21 51 57 2 96 48 42 10 13 72 78 48 8 49 89 65 58 22 86 6 11 9 80 71 6 86 51 25 99 6 88 45 92 24 84 26 32 71 88 45 50 15 19 32 97 98 88 51 81 2
92 52 28 37 63 61 91 63 62 15 43 62 31 64 80 60 35 19 84 17 14 92 0 35 0 78 5 31 72 45 69 95 25 15 26 64 46 26 5 23 48 79 39 38 4 8 18 39 8 32
87 86 47 46 51 97 13 0 4 33 60 46 81 87 64 68 6 22 1 16 61 10 95 80 7 77 33 46 66 20 8 86 42 23 60 84 55 86 41 62 49 61 20 4 98 83 65 11 85 77
0 74 89 69 17 32 91 47 73 72 60 17 98 62 31 24 47 6 7 31 98 45 23 79 70 74 19 39 13 44 8 1 66 12 16 75 99 59 74 90 83 55 16 13 58 91 40 80 65 59
70 73 2 46 7 53 30 68 20 23 73 99 45 46 10 64 46 57 79 62 66 77 47 38 56 0 77 67 97 78 17 62 47 32 46 11 18 53 61 48 19 46 59 31 54 20 3 52 54 70
96 79 48 52 71 90 16 31 91 19 50 81 87 90 77 96 87 68 24 24 23 24 84 99 22 38 40 93 70 49 10 49 58 55 42 19 61 93 50 70 92 45 50 83 81 92 8 20 28 88
25 7 27 15 98 4 64 27 92 34 99 6 58 86 45 73 24 14 28 70 2 41 79 93 41 1 56 10 68 36 2 93 46 44 54 0 76 80 51 53 69 61 26 14 82 91 20 51 44 4
26 76 87 48 0 94 40 28 19 96 4 8 23 89 64 22 17 0 96 43 9 78 31 36 6 72 36 60 82 97 32 57 29 79 68 16 73 93 63 41 44 42 25 35 30 84 68 75 93 76
0 40 49 36 71 82 49 75 91 33 53 8 49 91 42 28 97 82 58 22 28 17 80 86 64 30 82 68 24 72 2 97 98 78 66 53 79 63 92 63 75 95 72 4 32 60 51 19 68 99
1 15 75 19 86 24 86 87 72 20 8 81 98 68 73 93 92 45 2 61 21 65 47 8 6 5 13 63 27 60 38 15 38 72 24 11 45 29 19 11 72 86 87 51 15 51 92 8 74 62
16 82 21 98 99 86 11 22 61 43 86 25 41 31 59 23 60 38 43 57 79 0 54 35 36 42 7 62 74 80 51 96 52 19 11 3 53 61 23 56 41 94 54 94 27 87 93 58 36 2
11 47 80 45 44 56 57 17 81 11 90 64 5 32 17 80 25 48 15 85 95 80 79 46 3 8 57 17 95 12 1 90 7 34 84 36 26 10 98 30 30 85 66 78 85 5 72 66 46 63
72 53 54 63 83 2 23 64 70 51 15 69 18 13 90 79 70 49 32 31 55 33 92 62 10 44 45 40 26 50 31 46 3 99 44 31 36 40 45 46 56 18 25 41 39 54 54 45 9 56
74 73 97 19 81 61 89 0 36 9 0 20 49 64 77 93 50 69 16 55 86 79 6 41 83 37 69 13 66 25 97 28 41 96 6 48 61 92 35 87 39 31 66 62 14 81 39 91 92 29
63 88 19 52 77 47 10 17 59 64 1 46 42 84 1 60 14 34 90 38 72 1 67 19 59 15 41 31 63 73 27 38 14 49 92 60 2 77 49 28 65 99 36 85 6 99 75 52 82 28
49 92 43 44 79 80 53 21 61 10 7 55 43 15 54 38 48 67 88 65 29 70 81 59 33 30 6 97 7 97 0 4 22 23 52 58 41 64 22 91 85 42 43 78 54 53 24 69 82 39
20 98 26 88 7 90 48 26 34 14 15 75 62 69 20 75 48 99 26 99 96 6 67 15 56 6 72 33 10 68 63 81 26 71 59 81 93 36 56 76 19 74 51 1 35 45 59 22 45 71
89 42 29 28 20 65 73 15 42 62 58 52 54 92 13 23 53 6 83 83 5 23 81 50 15 73 4 50 38 53 93 0 57 37 11 51 6 57 84 57 17 93 1 71 62 86 71 41 64 8
52 59 95 64 79 87 40 20 29 92 10 80 46 14 44 94 4 77 83 13 95 60 70 12 31 55 13 40 99 42 62 91 67 8 86 89 48 0 40 56 57 13 21 12 24 32 28 80 13 29
84 27 37 90 22 4 37 83 86 16 14 95 53 92 55 80 72 17 12 85 49 37 8 17 31 60 48 77 40 50 41 30 73 13 78 18 75 5 96 69 35 66 42 4 94 76 32 86 15 12
57 57 1 32 89 70 8 2 27 99 16 20 64 97 3 63 76 78 69 11 0 43 40 80 69 17 37 39 73 64 84 46 36 61 29 74 89 63 37 65 90 92 16 13 80 92 22 32 6 30
77 33 74 70 65 73 21 37 21 80 50 24 95 52 52 75 60 29 88 83 40 30 70 8 41 3 55 67 69 67 5 70 19 35 72 60 92 15 24 66 5 37 34 65 38 26 54 93 58 35
77 67 54 89 42 21 75 36 99 21 93 85 67 11 12 64 90 79 10 54 40 84 27 14 19 89 90 11 71 41 68 94 32 5 47 4 31 5 19 65 54 36 95 29 27 82 91 58 68 8
17 31 68 36 22 47 4 56 12 61 40 98 17 36 3 97 23 31 50 76 29 29 31 20 81 44 52 87 53 51 13 62 77 47 67 99 5 19 17 98 5 15 11 31 53 56 35 74 79 46
21 59 92 81 34 81 10 62 84 51 43 38 85 23 4 92 34 58 89 89 1 39 94 72 68 11 44 4 2 7 83 74 81 0 48 9 45 59 76 16 12 58 60 92 25 74 99 66 71 32
46 86 40 64 67 77 29 98 43 60 7 23 76 20 42 80 86 20 30 76 99 55 42 87 61 98 74 57 44 64 96 47 78 54 83 0 81 8 83 63 53 95 99 52 69 64 46 8 78 32
95 52 38 1 65 28 19 51 84 27 45 63 72 58 16 81 46 19 17 15 66 32 43 37 48 84 93 86 72 29 74 4 87 45 24 15 79 65 41 62 75 2 73 40 98 50 89 36 47 18
33 16 10 42 52 27 34 46 32 14 79 13 2 81 53 33 77 63 93 44 84 14 39 48 64 12 62 53 38 4 54 32 34 58 46 99 89 6 70 80 42 71 79 30 39 51 63 75 56 89
46 59 31 52 69 35 51 96 45 42 61 59 53 69 96 21 84 63 59 81 22 74 76 10 84 82 77 39 1 32 61 13 93 40 59 89 57 92 93 74 99 70 93 92 31 88 7 72 89 58
53 50 65 39 92 8 12 53 73 64 25 66 88 82 60 78 98 74 14 21 80 71 41 82 46 76 82 0 86 47 64 20 3 65 68 48 15 34 63 42 21 28 89 29 92 50 35 28 36 20
17 35 80 72 39 80 78 41 8 85 27 8 86 9 4 92 97 28 90 4 52 22 12 59 78 99 78 71 24 15 8 55 55 38 24 43 10 97 19 87 93 24 94 50 14 88 34 88 39 73
9 32 27 40 31 90 34 13 10 68 86 53 97 19 96 67 41 22 20 79 61 8 19 2 45 36 35 97 10 7 36 86 49 80 68 67 29 4 82 93 90 30 25 48 72 28 87 87 83 63
90 64 50 54 38 16 85 17 92 89 61 47 81 13 10 25 30 65 6 80 85 95 93 3 55 65 94 22 89 29 91 7 83 87 83 36 23 4 47 94 64 37 87 0 7 18 42 56 41 8
58 18 8 99 69 61 62 4 0 75 40 73 66 3 77 68 51 82 54 29 30 21 12 84 79 93 69 88 80 76 74 59 70 31 80 14 50 78 70 63 42 46 24 97 55 23 33 12 60 51
78 41 51 77 10 32 22 21 92 60 88 29 63 28 4 83 59 85 15 34 55 51 8 94 99 17 40 88 77 79 50 30 66 36 35 87 95 28 34 51 35 18 17 34 90 20 37 95 25 48
52 56 48 33 7 57 75 76 73 58 16 9 33 57 62 16 72 12 98 44 52 67 45 51 38 15 46 42 12 32 51 33 56 5 55 18 82 29 55 71 38 88 65 76 12 95 15 66 59 79
13 77 38 31 29 74 9 83 65 33 90 0 16 34 72 56 9 96 53 53 80 5 38 88 76 6 52 32 28 49 33 47 77 95 44 7 32 38 97 50 18 66 86 35 47 49 12 53 46 70
63 64 56 51 72 75 1 80 12 91 77 72 30 50 95 86 16 24 73 58 47 52 61 34 69 36 1 6 37 70 38 15 73 3 47 53 37 72 55 19 56 42 56 55 84 94 36 17 97 50
73 66 42 17 71 42 88 48 69 64 35 89 46 85 84 17 27 0 16 86 58 92 40 47 11 9 2 93 98 59 55 82 27 46 59 53 57 47 8 72 2 99 77 66 71 64 72 23 67 39
88 63 41 68 35 62 35 16 15 25 54 50 37 18 29 43 90 77 35 87 13 63 41 10 98 93 57 66 64 86 96 42 83 25 91 20 90 55 15 67 1 26 12 3 8 13 62 77 97 40
65 64 2 73 76 33 50 71 81 23 25 64 20 67 71 85 91 29 12 61 29 27 75 89 85 76 9 56 87 85 46 19 78 7 88 13 26 89 34 29 1 86 43 95 24 5 8 93 1 88
57 93 9 92 14 20 69 26 24 10 67 72 80 34 72 71 80 32 26 17 22 15 44 4 62 65 17 48 67 83 16 83 9 19 18 75 83 50 46 24 13 2 48 52 50 12 47 5 91 47
57 68 93 79 24 37 83 43 50 60 15 92 60 40 37 22 88 77 58 42 56 86 88 31 16 6 7 44 30 57 55 18 23 34 46 22 98 3 63 67 17 2 28 5 7 30 99 68 92 83
78 34 76 10 16 94 8 31 52 61 23 47 26 74 56 69 9 32 86 47 23 57 24 93 60 67 5 19 82 46 6 44 62 21 3 78 78 99 89 68 9 51 15 9 70 13 92 44 37 80
88 8 49 20 53 47 69 75 64 31 97 62 61 10 78 36 89 49 53 35 68 43 72 37 62 7 62 80 96 56 37 30 21 19 89 26 64 99 88 81 59 11 90 91 12 87 91 46 40 52
84 5 53 97 78 99 54 81 48 96 2 95 31 24 77 56 35 73 87 66 37 95 88 88 21 81 50 21 28 6 74 82 5 70 69 79 8 21 89 55 77 27 54 64 75 39 46 82 40 32
15 51 70 1 87 16 97 61 21 97 56 11 88 4 34 73 71 97 41 44 73 2 42 6 68 56 81 6 12 79 86 5 41 28 22 77 3 82 24 36 1 88 14 77 50 33 26 13 87 1
80 98 83 30 0 77 16 62 75 3 72 38 12 43 51 85 99 38 95 76 14 81 22 36 63 97 66 66 75 94 37 16 75 47 39 43 66 29 12 85 53 48 2 94 96 29 4 43 11 87
12 29 33 90 85 49 90 26 12 63 59 77 23 49 51 87 3 55 37 17 32 2 15 23 18 82 68 36 1 49 95 56 93 36 95 3 24 97 13 2 13 36 82 20 62 67 40 5 54 16
85 97 15 9 14 55 13 28 3 73 55 71 75 2 62 7 30 48 31 14 81 89 90 2 11 23 16 89 94 92 21 56 41 20 26 93 15 31 47 3 89 77 66 97 24 89 63 58 93 61
78 27 40 84 13 62 47 45 51 64 16 14 60 48 67 66 13 82 55 66 21 48 77 62 56 42 49 8 52 88 48 51 93 34 69 0 51 6 28 12 62 86 81 59 7 33 77 45 2 34
87 35 21 29 56 85 35 47 40 38 45 71 0 73 16 65 93 76 85 0 52 47 30 91 69 50 63 94 55 76 60 32 74 32 97 30 66 34 75 46 8 99 49 56 89 53 60 82 74 44
33 90 16 93 90 42 16 21 37 45 48 76 30 21 2 83 15 27 51 92 32 16 91 74 81 96 8 41 96 28 58 3 28 9 1 53 20 74 78 88 86 15 47 99 9 26 85 70 35 99
59 3 17 71 86 63 88 27 72 2 45 79 63 66 5 57 73 24 11 2 43 71 73 72 76 25 78 51 91 4 97 70 48 92 8 36 98 47 57 15 94 60 40 73 87 76 38 99 57 31
7 28 61 11 62 90 88 31 24 6 65 67 21 52 15 41 72 58 23 6 87 52 62 58 64 79 71 7 12 11 5 94 0 54 96 88 20 36 40 19 74 9 82 8 26 26 77 10 41 20
57 18 40 46 64 91 26 36 66 18 56 99 47 38 63 29 31 44 44 62 22 57 72 97 7 77 58 87 47 55 83 16 42 61 28 35 70 31 96 51 54 99 78 89 76 74 7 84 38 81
48 86 69 79 30 84 90 36 72 10 18 55 43 53 78 41 22 75 85 55 78 17 23 11 97 83 54 83 53 8 29 81 82 68 92 59 12 99 4 79 24 39 37 88 39 97 30 12 50 86
65 63 50 87 79 1 88 92 34 68 44 15 75 94 11 76 81 59 53 19 87 91 4 64 91 61 1 30 31 37 54 44 37 86 49 44 57 41 93 52 47 63 60 27 55 77 44 76 34 12
89 79 4 27 75 26 52 0 55 26 2 77 71 86 96 33 10 27 95 33 46 12 48 28 34 17 44 59 64 46 58 97 91 78 80 30 21 39 11 12 87 96 65 94 17 13 79 54 29 70
15 85 90 24 12 62 30 8 0 12 29 62 35 8 92 41 77 24 51 62 96 0 56 44 43 15 63 71 91 23 79 33 57 37 85 50 41 85 90 70 40 73 27 11 74 84 6 97 63 41
44 10 50 76 48 45 75 74 77 97 5 49 52 6 43 92 25 96 90 58 69 27 50 65 11 50 92 93 91 76 69 23 84 18 69 14 68 32 37 14 47 5 45 3 14 51 54 77 17 77
91 89 58 48 69 93 71 86 21 0 9 73 76 59 77 78 46 75 69 77 90 38 5 65 39 50 80 80 41 31 78 9 34 8 55 52 25 41 37 28 87 15 49 78 85 21 41 9 51 4
36 57 22 38 16 8 65 63 43 11 42 52 75 34 79 26 61 43 49 37 75 9 96 92 4 77 73 79 48 46 51 24 6 96 39 22 96 86 16 72 44 92 39 71 72 34 62 62 0 43
38 27 58 72 2 42 30 22 94 17 1 78 41 95 67 28 22 96 43 40 96 46 3 77 40 24 6 26 41 96 29 67 11 26 41 3 77 87 21 87 62 93 6 43 25 67 9 22 13 37
51 50 67 35 0 89 97 63 30 96 71 6 23 60 80 65 9 6 11 5 3 14 93 41 15 9 60 56 93 39 46 84 3 68 19 66 73 30 35 42 12 45 45 72 89 83 32 85 18 86
20 29 16 41 69 77 78 31 88 61 58 43 43 92 5 83 26 13 69 15 76 1 79 48 11 35 65 4 48 23 84 90 96 58 85 99 54 41 66 12 15 61 81 88 81 12 34 75 38 94
85 72 47 53 91 50 48 79 90 30 21 69 1 10 77 37 6 48 56 59 4 32 14 53 43 5 38 17 48 65 8 35 30 97 34 83 28 8 18 69 49 93 60 61 11 81 99 99 58 25
25 12 72 55 41 76 61 79 12 38 33 66 10 61 29 56 3 51 45 25 31 17 78 59 6 34 51 76 77 12 5 54 55 90 10 92 3 74 26 94 59 30 3 58 60 98 88 33 86 58
19 87 27 80 50 53 31 46 78 67 28 77 31 20 7 16 74 79 14 23 38 40 42 99 52 75 82 78 52 56 55 11 57 83 84 53 48 90 16 48 93 73 87 56 19 5 19 90 75 76
15 75 39 61 24 21 98 65 41 20 15 90 37 89 94 66 31 77 59 39 5 18 8 57 53 76 18 78 42 32 14 19 71 45 88 24 30 0 42 41 73 70 72 82 4 78 5 65 70 6
41 69 98 38 72 37 94 41 29 5 51 37 92 61 27 16 29 73 62 31 28 56 56 80 23 14 19 4 22 42 91 39 93 82 74 34 42 19 3 27 44 3 22 93 30 76 62 94 26 66
23 79 22 75 37 65 56 23 8 98 70 24 15 8 71 56 77 49 88 25 30 50 16 82 57 11 89 6 98 97 77 57 91 46 47 42 53 15 94 69 48 61 33 79 22 0 39 97 2 27
87 47 32 76 58 70 66 47 36 23 38 38 0 40 8 4 11 91 42 93 56 89 89 90 48 68 51 49 9 15 52 18 1 51 58 55 50 79 55 1 19 4 55 37 86 40 65 60 95 87
12 30 5 71 65 45 44 51 1 34 67 92 72 47 91 3 58 29 69 71 10 29 16 24 21 82 27 26 46 43 32 67 64 57 73 74 13 17 34 98 99 28 18 25 53 38 6 54 28 21
77 99 88 25 76 9 46 47 87 1 87 42 13 63 90 92 45 9 21 63 17 78 50 48 54 23 8 40 99 97 74 26 66 21 6 3 21 9 76 59 99 53 69 32 65 27 25 66 51 61
22 45 48 34 18 23 73 57 46 66 89 7 35 54 99 22 5 82 35 98 11 53 9 35 68 56 36 56 59 57 66 72 71 64 46 26 56 7 6 50 8 16 46 37 53 97 33 34 80 13
41 3 63 12 63 41 41 7 90 78 6 27 35 13 55 72 19 32 96 42 91 35 96 95 0 49 58 15 53 19 79 0 78 52 95 27 21 67 11 57 81 35 28 57 38 31 56 40 36 86
36 56 32 34 9 63 48 24 22 57 52 96 73 11 14 85 36 56 55 62 24 71 70 96 88 63 60 66 64 22 91 4 8 80 20 55 7 59 75 95 21 98 49 23 92 70 66 35 97 37
48 38 54 92 59 88 25 62 5 69 88 47 22 83 11 26 24 77 28 36 28 66 99 57 26 89 99 53 59 50 9 8 97 45 20 75 22 29 17 45 27 51 12 75 36 48 49 53 63 61
44 48 80 45 57 24 40 12 9 6 13 78 73 12 45 36 39 19 43 10 85 51 24 24 52 89 62 53 82 52 41 7 71 19 92 58 31 13 81 9 35 58 95 92 26 93 60 3 53 29
11 43 35 44 91 12 56 43 68 13 20 68 78 86 59 97 85 8 11 78 25 88 82 65 52 42 10 57 63 33 82 61 24 40 51 44 82 34 48 64 48 87 95 41 33 20 61 41 55 40
