4 93 19 67 22 30 12 20 43 41 44 24 3 61 36 0 22 65 2 23 33 30 48 66 39 55 92 13 7 89 25 26 1 33 82 69 54 31 10 77 9 1 48 87 14 11 57 74 58 63
20 27 86 55 65 17 69 3 58 70 3 43 24 11 4 54 82 15 7 22 40 88 1 8 1 20 12 24 29 60 32 79 57 31 88 13 33 30 0 5 3 47 2 11 43 51 9 46 41 90
94 72 42 9 7 99 69 6 97 43 72 83 88 68 65 79 91 15 75 90 88 16 98 96 3 77 33 45 40 99 86 23 50 19 13 3 27 62 44 69 2 78 5 3 3 75 94 36 43 29
80 61 40 20 11 51 26 55 85 71 60 5 51 41 98 86 80 76 92 96 90 85 68 44 17 94 72 14 48 40 78 26 72 61 94 61 18 6 53 72 22 82 54 42 76 29 52 21 10 89
8 74 69 65 2 28 47 7 16 83 91 47 32 56 21 25 42 92 23 55 68 90 39 14 35 65 76 89 94 91 69 40 55 24 27 93 9 70 78 91 44 76 48 54 14 6 8 62 60 6
3 0 58 22 18 53 5 82 16 20 79 19 75 76 29 7 3 0 35 88 52 67 50 1 12 75 73 41 32 74 68 33 40 58 57 98 70 91 29 20 65 61 24 36 65 90 85 87 32 25
76 74 52 38 88 77 97 17 98 87 33 58 40 83 95 28 78 8 85 55 70 75 71 4 25 58 66 14 37 36 8 75 91 33 95 69 19 58 92 89 14 45 70 71 95 48 80 53 46 71
56 65 63 33 14 34 23 98 95 53 49 35 24 95 87 74 24 4 24 6 16 83 17 67 10 84 52 71 42 76 66 46 90 28 20 63 80 71 32 33 23 70 92 99 22 84 48 99 93 56
32 33 81 24 0 16 56 94 77 15 66 3 12 68 37 62 13 60 6 32 86 83 9 35 53 17 47 7 35 64 19 63 42 44 47 66 78 81 26 39 96 53 42 66 60 28 74 81 1 8
68 68 54 56 89 80 37 64 35 79 74 20 72 60 93 57 55 60 83 0 60 31 70 62 61 35 23 41 96 5 73 70 55 29 91 99 44 45 76 57 46 96 90 0 21 78 93 37 48 57
20 81 47 22 17 62 91 33 48 1 63 25 57 61 66 72 43 67 64 65 55 91 6 32 93 85 40 25 28 92 55 59 23 47 99 40 51 86 55 57 58 39 95 70 89 94 95 8 86 66
65 16 15 83 55 1 65 32 32 14 77 28 48 38 83 0 35 58 61 43 47 20 62 90 37 69 68 17 6 66 43 71 3 41 65 1 24 95 85 6 16 91 24 48 39 78 1 36 63 61
39 91 80 43 39 3 64 57 67 1 24 41 78 93 62 64 89 62 40 37 34 86 81 90 90 91 8 30 69 95 73 85 76 37 78 35 89 89 28 2 1 76 71 21 18 87 61 19 95 48
28 28 63 56 88 20 70 81 38 22 35 37 79 59 74 60 35 92 51 64 77 87 79 85 6 84 54 10 73 98 22 30 44 97 20 27 92 41 41 31 66 22 62 16 44 74 87 22 40 14
39 72 29 9 75 61 79 43 35 8 21 5 14 53 10 28 95 44 96 61 91 12 52 98 13 61 64 6 64 71 44 83 73 74 25 42 58 35 10 5 86 83 36 34 7 47 94 52 85 70
77 22 47 85 70 11 85 51 26 46 61 66 67 70 48 60 78 68 71 4 28 58 42 24 53 4 10 44 60 43 99 86 92 92 40 54 39 11 45 66 73 31 90 71 61 46 45 15 93 0
69 89 57 13 25 70 7 61 92 64 52 53 93 0 45 71 79 28 48 53 14 70 42 23 85 43 49 53 65 61 2 29 7 69 19 62 60 56 14 30 27 81 28 47 82 66 9 64 22 74
30 94 45 63 72 59 81 52 7 43 55 62 65 6 88 17 49 74 46 44 37 9 29 37 98 83 97 34 93 62 86 16 18 93 19 11 88 49 2 60 36 94 6 69 82 22 73 9 74 76
21 30 42 25 16 61 46 32 77 25 4 58 75 0 77 75 77 98 14 90 53 64 27 96 59 34 3 70 73 79 38 14 66 80 53 91 19 39 99 31 52 15 71 62 10 95 75 27 74 65
42 47 62 8 5 56 71 56 84 96 98 18 34 61 59 59 37 16 5 76 20 98 17 2 99 45 65 34 3 73 78 52 56 65 50 28 33 0 84 96 72 25 84 23 92 45 8 4 32 1
8 46 88 24 15 30 98 98 14 35 49 22 54 51 11 78 39 50 75 89 52 18 28 19 67 40 68 59 21 79 24 65 19 0 96 87 44 79 95 13 27 13 93 2 68 15 85 8 24 14
75 75 21 53 81 59 5 55 1 97 75 74 35 97 7 61 1 11 47 35 75 42 30 34 23 95 27 89 41 47 7 45 61 81 65 10 24 81 85 3 97 59 23 67 40 18 85 52 5 71
52 17 8 8 48 4 87 26 81 7 40 24 40 73 60 21 25 63 97 84 92 46 48 89 94 30 81 85 79 31 65 48 17 72 58 11 90 71 6 84 12 59 11 97 78 77 67 76 83 68
55 7 14 95 44 13 32 80 62 96 15 90 88 43 17 3 46 43 79 62 83 2 32 46 35 25 35 69 7 21 21 51 44 50 65 81 26 79 90 81 25 15 78 69 62 17 68 45 37 17
38 15 40 90 44 68 78 33 75 42 29 8 28 21 52 74 48 17 77 50 79 94 8 89 58 26 37 54 18 93 81 88 0 66 2 69 47 70 9 23 14 21 12 96 38 69 49 57 1 37
69 97 0 88 83 59 10 33 23 76 25 95 51 99 82 54 99 87 95 87 44 80 92 55 90 7 51 26 64 49 15 10 54 23 11 55 17 93 65 17 36 60 96 14 49 82 88 19 60 11
63 4 81 53 60 13 48 5 4 14 78 47 40 21 29 10 58 4 96 83 83 17 10 52 56 99 60 53 80 32 21 64 33 40 81 95 10 76 56 6 54 83 21 91 53 10 95 56 86 86
53 70 63 12 14 3 31 24 15 28 57 59 45 56 50 42 70 85 17 4 17 36 89 17 68 44 23 71 72 48 30 48 68 25 7 58 24 92 42 86 8 35 86 45 97 15 1 28 52 74
42 85 97 7 16 43 69 44 53 9 98 7 18 11 38 90 37 79 60 20 28 22 8 91 97 65 8 11 0 2 53 32 22 80 91 20 93 26 15 31 32 16 21 5 37 54 63 50 53 56
48 51 63 59 55 50 30 24 40 28 88 26 80 80 73 42 74 36 17 6 81 2 72 31 63 5 88 38 4 72 79 85 9 87 70 85 78 0 92 82 41 42 15 18 33 38 16 58 26 39
84 87 12 75 22 16 28 21 5 78 63 32 9 6 6 78 89 30 84 37 49 69 58 56 16 46 47 11 49 54 50 76 41 3 86 96 67 30 47 11 47 88 75 34 99 85 38 69 74 38
73 62 98 35 85 35 25 79 3 60 60 22 43 91 43 87 12 33 70 65 42 72 25 92 67 18 41 66 19 54 72 63 53 18 7 80 90 68 31 82 83 60 42 20 67 50 92 32 20 6
71 31 48 93 6 84 8 57 59 44 55 8 92 45 4 90 27 99 76 36 51 63 19 52 80 17 94 2 57 80 49 3 97 36 50 32 75 67 51 76 90 58 18 19 14 57 39 41 26 73
78 72 91 84 21 33 88 93 9 60 35 15 39 85 19 41 76 48 36 38 37 80 5 10 69 9 35 15 95 79 9 35 1 0 28 30 5 50 59 12 21 73 46 25 75 38 65 26 85 20
70 99 52 29 75 31 46 98 51 4 51 14 17 28 32 38 3 49 3 62 94 43 7 9 12 38 74 98 72 97 92 91 90 43 71 22 92 60 70 64 88 15 16 5 14 34 54 3 68 62
71 66 50 67 36 37 34 31 41 97 7 39 0 25 28 71 26 72 69 54 1 0 1 48 44 28 33 35 99 63 83 6 36 30 48 46 2 67 82 64 12 82 30 73 14 43 43 94 86 5
51 40 82 96 82 43 43 19 73 82 58 49 72 33 44 93 84 52 77 47 24 79 28 11 46 56 53 72 47 44 50 87 65 25 72 92 74 69 97 51 60 56 17 17 54 88 25 55 96 87
46 87 23 64 96 18 62 44 68 51 80 37 49 27 11 36 74 74 81 30 12 53 32 43 65 58 67 67 74 26 57 84 53 48 73 97 9 98 51 85 72 78 69 21 4 79 87 0 34 40
59 67 81 22 15 81 45 98 64 33 45 72 37 7 36 35 96 95 28 18 73 32 63 50 41 30 39 24 76 46 75 25 43 17 5 51 2 36 53 70 41 45 42 61 60 21 39 64 46 4
67 9 24 61 71 79 34 72 81 97 91 83 48 1 76 35 46 9 53 72 93 90 0 4 21 61 74 62 23 2 54 25 63 10 69 95 69 91 70 83 20 95 8 14 98 79 96 50 22 68
69 66 77 12 5 11 73 51 25 44 80 57 22 55 16 57 90 72 51 28 72 50 51 94 56 88 40 64 35 83 17 1 32 99 49 14 21 39 80 25 22 52 14 67 91 18 52 43 1 63
82 90 9 56 97 52 71 37 91 75 53 64 56 6 82 56 25 90 55 95 65 32 9 62 15 15 75 77 37 40 2 23 76 81 29 32 9 97 93 88 65 2 3 82 42 45 38 3 79 42
67 47 37 88 62 62 81 27 46 80 5 66 10 54 29 98 93 33 60 90 91 75 40 85 9 18 79 41 37 40 53 3 7 67 82 22 87 93 33 9 25 16 29 60 4 93 2 33 3 31
23 65 95 59 17 65 89 25 54 0 58 34 92 33 52 40 39 89 59 85 69 78 50 20 27 99 30 36 10 56 85 89 57 86 73 81 50 95 97 4 34 93 50 99 41 41 34 96 30 1
8 52 10 65 54 76 25 28 90 49 29 31 89 14 28 3 9 32 32 29 83 57 48 53 21 33 42 64 77 53 64 99 1 3 60 30 62 32 6 43 54 29 6 95 49 46 99 42 13 94
36 26 24 30 49 62 49 53 25 69 20 34 51 98 85 0 77 13 22 44 95 62 38 86 89 16 69 64 69 82 94 23 97 26 86 23 89 10 39 99 14 38 17 53 59 80 2 4 78 45
41 48 27 41 20 93 43 53 66 3 73 87 14 94 22 92 94 62 39 2 98 95 40 64 38 39 30 3 17 56 10 92 60 6 85 71 64 1 1 93 76 46 1 56 39 18 65 32 62 39
26 99 36 75 23 42 88 14 60 15 30 81 34 2 31 22 64 36 76 51 33 36 66 53 2 46 76 26 64 25 45 50 36 99 36 0 49 80 75 87 92 83 90 20 25 63 50 10 72 50
16 70 95 96 16 25 79 80 10 71 46 45 37 55 44 14 24 12 4 84 92 23 9 42 19 55 69 85 40 99 64 67 28 39 4 78 4 53 47 6 65 89 54 84 79 84 51 74 72 7
25 73 45 56 88 6 98 99 86 24 86 36 89 94 4 29 85 84 75 22 79 56 19 38 49 41 84 92 10 74 2 82 71 70 35 56 68 10 26 95 92 3 59 13 98 15 61 68 41 69
40 59 39 36 9 18 33 14 12 19 44 60 83 93 85 78 42 87 0 64 91 93 3 92 13 37 31 75 59 12 34 23 52 72 84 59 33 15 2 27 45 76 16 31 74 15 15 35 45 90
58 78 96 95 72 3 53 37 25 9 90 75 30 40 25 64 50 78 62 36 49 0 55 57 84 76 71 61 72 67 30 11 95 68 58 31 59 14 3 60 19 96 74 6 5 17 67 52 83 83
15 97 90 38 12 44 50 88 83 21 68 49 98 70 10 91 44 4 22 28 38 69 21 60 7 89 24 88 29 43 97 23 7 75 77 14 97 11 99 2 42 48 81 51 6 79 39 79 13 94
18 50 17 91 87 92 12 24 87 6 90 28 87 19 35 90 18 95 28 29 76 77 74 77 90 79 48 83 28 91 79 73 33 77 74 57 51 21 95 47 62 68 85 47 94 19 0 15 37 64
86 34 36 17 58 89 95 31 63 16 19 56 51 45 41 48 54 78 2 99 62 10 40 19 26 49 54 41 40 92 83 91 13 45 67 87 11 75 83 15 20 86 11 21 79 25 67 64 55 67
67 56 76 82 91 22 28 45 41 71 57 13 89 31 64 82 7 53 47 86 53 4 10 50 87 0 2 96 17 98 37 21 96 80 28 66 27 1 75 49 37 53 38 19 18 68 28 2 2 24
53 64 70 2 0 82 42 30 36 19 60 8 98 54 50 25 1 38 7 76 42 76 14 48 35 42 84 1 52 40 35 67 4 37 23 52 94 6 56 93 71 58 10 81 35 98 25 69 50 30
95 39 42 18 35 34 42 7 98 99 24 7 47 47 78 23 71 38 56 51 36 65 12 43 59 76 65 74 31 41 49 40 62 25 25 92 76 99 4 48 40 42 27 20 89 85 69 9 28 83
91 26 29 61 65 32 26 66 14 98 92 37 37 80 16 7 65 71 14 45 82 30 5 49 93 8 39 74 50 35 54 6 19 42 86 62 75 81 41 54 90 81 81 4 49 29 73 3 89 75
28 37 75 10 15 19 71 10 22 21 70 11 90 37 38 19 78 61 71 52 18 20 13 8 28 62 40 2 33 71 41 76 2 44 30 84 25 49 92 50 34 45 46 19 50 6 79 72 47 24
4 47 43 76 22 29 63 29 49 20 5 28 69 11 28 97 89 64 44 34 11 19 27 23 76 84 39 7 72 74 16 26 21 45 79 17 20 42 80 27 90 10 9 62 43 50 94 67 5 14
87 47 60 38 51 42 44 61 82 49 93 35 10 75 98 30 1 93 51 32 35 46 93 44 82 23 79 66 17 54 8 73 97 4 10 18 47 75 71 87 48 40 89 71 36 53 44 77 49 98
25 77 52 67 23 63 95 33 26 0 33 46 71 18 43 57 46 84 14 20 84 33 4 52 90 69 45 5 84 13 56 41 7 53 26 19 32 80 58 47 2 34 0 14 33 54 29 57 2 62
48 47 43 4 43 73 22 88 33 72 71 15 48 76 63 27 31 96 95 0 0 26 21 4 10 2 99 76 15 56 92 76 15 95 39 87 73 80 93 16 34 73 3 9 39 5 71 94 2 8
36 31 49 31 5 65 30 50 26 10 76 76 7 95 21 97 52 97 78 64 34 62 66 88 81 14 88 14 30 12 79 97 71 12 83 39 43 53 40 95 0 35 16 83 82 28 7 32 6 27
31 15 81 44 72 54 29 58 65 78 64 93 88 36 96 15 23 69 82 34 85 41 73 20 64 40 88 49 67 65 9 36 24 96 56 85 31 72 48 83 85 22 19 33 49 64 79 67 27 99
61 88 48 62 56 35 22 25 4 30 21 17 35 17 0 33 67 24 70 27 37 83 83 38 51 96 91 13 90 89 50 85 7 45 59 1 44 54 84 25 95 54 98 79 58 39 24 25 71 70
24 43 92 3 82 98 91 47 31 91 18 35 1 91 75 26 84 1 12 72 88 78 4 70 33 83 16 1 74 40 17 37 69 68 95 41 49 1 30 40 44 77 96 39 56 28 43 51 44 31
69 64 15 44 89 90 84 48 23 0 72 3 70 19 51 6 58 60 92 29 35 30 75 84 75 33 71 45 59 15 29 88 79 52 37 72 88 20 84 71 93 22 4 92 8 69 20 74 86 66
0 34 11 87 52 26 34 66 13 69 64 79 75 31 26 35 68 4 22 63 63 24 27 68 52 23 16 18 90 83 5 36 15 77 13 84 19 74 19 85 10 67 31 61 1 56 63 26 49 21
89 5 29 55 59 12 92 2 13 26 5 4 62 38 65 52 21 40 71 51 17 94 89 81 37 60 36 65 92 96 79 39 83 68 30 9 1 38 96 24 44 48 98 55 76 18 70 91 88 31
55 52 56 76 2 95 38 21 99 48 48 11 35 56 48 6 69 1 52 2 79 10 35 14 39 14 78 63 68 90 5 52 49 38 65 76 29 71 13 82 46 34 44 33 91 64 57 3 15 36
57 47 23 29 21 60 37 14 91 55 44 90 80 45 17 98 13 78 15 64 58 73 89 11 0 22 44 14 80 59 17 33 80 23 4 66 85 10 84 6 27 44 95 71 13 23 82 33 80 4
34 9 64 70 96 72 82 73 78 62 94 47 17 7 93 25 46 43 28 46 32 8 49 91 14 58 9 5 93 94 89 81 0 10 47 64 70 53 26 75 72 33 2 72 24 33 35 89 81 43
59 79 88 49 20 61 96 16 57 21 45 86 73 72 14 2 58 20 48 48 30 71 94 74 6 27 85 71 23 79 94 90 41 69 51 52 0 43 53 80 23 30 52 95 56 18 79 30 0 80
64 60 56 29 45 50 9 91 1 22 78 15 80 51 7 10 30 83 69 60 11 87 83 18 83 15 16 47 77 13 70 0 52 5 6 48 70 39 27 72 41 61 39 36 1 44 74 44 93 13
83 98 56 94 58 36 69 4 45 30 48 98 74 26 82 12 43 65 68 92 79 29 6 68 36 26 35 53 8 87 27 72 40 84 31 12 17 27 48 73 30 40 77 50 66 36 35 5 46 76
48 62 89 78 42 80 77 34 22 15 29 58 99 29 12 20 65 35 95 13 47 98 30 58 23 60 72 37 49 7 60 49 60 19 51 56 13 84 16 92 95 33 33 87 7 24 13 38 99 44
43 17 85 30 36 92 83 53 86 1 43 62 50 64 89 55 87 56 57 49 10 83 69 14 11 75 62 69 17 41 78 89 4 4 93 26 7 6 89 99 26 52 88 60 43 28 20 62 66 95
19 14 29 86 53 60 1 3 68 14 10 81 30 22 85 76 57 63 55 68 60 35 87 20 67 96 80 91 72 32 65 85 52 50 44 34 59 98 31 86 74 76 62 66 73 81 51 22 60 21
99 4 42 89 11 26 80 59 3 77 0 93 26 64 88 55 34 83 77 97 93 21 65 69 15 83 57 48 20 58 81 10 33 13 8 12 25 46 38 73 20 82 44 62 8 83 90 54 78 90
40 55 79 35 63 29 43 73 17 30 89 83 94 45 93 97 60 88 49 6 1 48 90 3 61 3 35 0 67 24 33 47 34 38 79 39 29 54 53 13 49 72 94 63 73 67 23 94 22 5
41 71 23 68 90 86 67 75 64 85 84 84 83 63 41 73 59 75 88 60 76 15 0 11 96 63 9 74 48 61 75 15 2 41 26 48 81 71 35 13 76 5 80 86 63 33 39 27 94 80
30 17 80 3 45 93 10 91 53 39 52 56 10 73 35 20 4 90 18 71 9 48 67 45 36 55 73 48 7 64 26 64 29 78 64 76 52 82 40 70 3 71 55 48 41 4 84 68 87 72
17 1 31 58 27 37 16 37 18 80 98 21 81 99 18 28 16 78 55 67 69 68 4 58 86 98 72 46 37 49 50 95 22 88 12 99 22 59 34 25 36 8 23 63 4 24 3 95 15 11
75 90 82 61 48 8 49 91 50 85 10 50 15 38 37 42 25 46 47 90 9 75 70 10 73 14 10 99 2 80 50 49 49 11 30 15 30 19 69 72 17 19 96 54 55 47 89 55 66 25
58 31 36 85 37 15 55 4 94 18 19 40 36 60 11 0 57 26 90 6 33 84 47 61 13 35 18 9 55 35 1 91 78 63 11 6 96 91 64 14 86 30 76 74 58 15 6 31 69 90
70 22 45 1 9 45 41 80 80 88 66 14 15 98 42 57 64 76 34 74 22 17 27 59 18 75 32 82 89 80 17 98 10 38 3 33 45 44 11 5 57 47 96 89 38 30 11 10 16 17
45 40 38 63 21 86 70 16 39 50 91 4 29 33 1 39 93 77 84 23 7 0 53 40 11 47 86 21 1 23 6 84 70 32 40 46 99 50 10 46 4 92 1 51 1 79 42 31 12 6
57 86 29 92 32 57 79 81 40 96 16 33 83 76 28 94 25 74 64 22 83 1 12 97 54 62 56 51 43 24 9 40 7 86 71 59 26 97 22 69 33 38 84 73 23 84 45 65 28 23
99 26 99 9 74 98 56 41 68 24 30 68 25 71 84 20 25 24 25 10 94 95 23 98 61 83 78 53 89 98 97 49 1 73 30 96 0 28 40 35 23 15 25 8 23 56 71 60 88 3
30 19 33 92 64 98 49 51 24 62 75 69 53 59 54 70 62 83 91 1 3 5 35 34 73 27 16 39 60 12 5 79 7 54 25 24 10 46 61 25 96 92 33 17 81 79 13 84 82 63
97 96 21 28 31 42 82 64 20 53 38 41 89 4 4 37 95 23 98 61 52 61 69 64 20 25 99 98 36 7 8 66 95 61 11 41 52 70 12 23 5 7 32 37 74 21 23 82 30 68
9 55 19 90 56 67 77 44 72 67 62 51 61 32 69 89 16 81 76 50 56 92 75 21 0 41 25 50 51 56 41 35 71 29 88 82 89 29 50 3 62 92 46 87 48 89 92 39 14 66
45 84 63 79 37 76 39 76 41 87 84 52 28 24 65 22 58 28 56 29 39 64 41 51 26 31 47 98 27 60 51 47 59 59 86 42 71 53 71 12 72 85 92 18 51 19 69 27 30 96
76 42 49 78 72 45 83 56 14 27 75 67 98 61 76 59 53 80 57 78 73 48 71 57 50 39 38 48 53 31 73 11 44 80 7 44 42 60 81 65 1 49 23 22 2 77 98 15 94 16
43 27 60 92 42 69 18 5 3 20 84 6 26 60 30 3 11 87 6 18 47 95 0 13 42 77 73 91 23 5 27 80 83 30 83 12 46 39 43 66 8 15 34 91 58 35 53 82 52 84
18 57 68 53 41 96 86 4 82 68 16 69 36 65 84 24 59 26 4 84 75 70 3 7 74 52 86 10 98 0 14 35 48 84 37 75 1 84 30 6 60 32 21 97 74 84 37 52 69 71
88 21 25 97 54 55 52 41 97 43 84 78 57 2 89 11 73 17 8 75 46 1 38 91 41 75 72 7 31 91 34 27 35 29 36 44 42 45 17 79 46 50 2 74 49 39 39 47 7 95
65 40 37 21 47 44 93 87 68 60 53 41 47 95 70 2 9 10 53 39 20 85 88 58 53 63 28 16 66 73 27 94 60 7 43 71 63 15 36 6 83 29 90 99 71 29 79 51 35 69
